MichCnn1_base_lr=0.005_momentum=0.9
[1,   100] loss: 0.114, time: 3.59 seconds
[1,   200] loss: 0.223, time: 7.50 seconds
[1,   300] loss: 0.324, time: 11.42 seconds
[1,   400] loss: 0.422, time: 15.20 seconds
[1,   500] loss: 0.520, time: 19.19 seconds
[1,   600] loss: 0.613, time: 23.34 seconds
[1,   700] loss: 0.709, time: 27.09 seconds
[1,   800] loss: 0.805, time: 30.78 seconds
[1,   900] loss: 0.898, time: 34.33 seconds
[1,  1000] loss: 0.996, time: 37.65 seconds
[1,  1100] loss: 1.089, time: 41.34 seconds
[1,  1200] loss: 1.183, time: 44.68 seconds
[1,  1300] loss: 1.280, time: 48.37 seconds
Epoch time 51.53
{'train_loss': [2730.880964398384], 'accuracy': [0.3503230437903805], 'recall': [0.3503230437903805], 'precision': [0.12272623501055685], 'f1': [0.18177314765518943], 'r2': [-1.0751933343217646]}
[2,   100] loss: 0.090, time: 73.12 seconds
[2,   200] loss: 0.180, time: 76.41 seconds
[2,   300] loss: 0.275, time: 79.38 seconds
[2,   400] loss: 0.370, time: 82.56 seconds
[2,   500] loss: 0.460, time: 85.61 seconds
[2,   600] loss: 0.555, time: 88.64 seconds
[2,   700] loss: 0.646, time: 91.77 seconds
[2,   800] loss: 0.740, time: 94.72 seconds
[2,   900] loss: 0.831, time: 97.85 seconds
[2,  1000] loss: 0.926, time: 101.04 seconds
[2,  1100] loss: 1.015, time: 104.14 seconds
[2,  1200] loss: 1.108, time: 107.35 seconds
[2,  1300] loss: 1.201, time: 110.39 seconds
Epoch time 43.34
{'train_loss': [2730.880964398384, 2573.443734586239], 'accuracy': [0.3503230437903805, 0.3503230437903805], 'recall': [0.3503230437903805, 0.3503230437903805], 'precision': [0.12272623501055685, 0.12272623501055685], 'f1': [0.18177314765518943, 0.18177314765518943], 'r2': [-1.0751933343217646, -1.0751933343217646]}
[3,   100] loss: 0.093, time: 134.35 seconds
[3,   200] loss: 0.180, time: 137.44 seconds
[3,   300] loss: 0.267, time: 140.51 seconds
[3,   400] loss: 0.362, time: 143.54 seconds
[3,   500] loss: 0.455, time: 146.73 seconds
[3,   600] loss: 0.551, time: 149.74 seconds
[3,   700] loss: 0.643, time: 152.71 seconds
[3,   800] loss: 0.734, time: 155.85 seconds
[3,   900] loss: 0.823, time: 159.04 seconds
[3,  1000] loss: 0.916, time: 162.05 seconds
[3,  1100] loss: 1.007, time: 165.07 seconds
[3,  1200] loss: 1.100, time: 167.99 seconds
[3,  1300] loss: 1.193, time: 171.15 seconds
Epoch time 42.78
{'train_loss': [2730.880964398384, 2573.443734586239, 2560.9388214945793], 'accuracy': [0.3503230437903805, 0.3503230437903805, 0.3503230437903805], 'recall': [0.3503230437903805, 0.3503230437903805, 0.3503230437903805], 'precision': [0.12272623501055685, 0.12272623501055685, 0.12272623501055685], 'f1': [0.18177314765518943, 0.18177314765518943, 0.18177314765518943], 'r2': [-1.0751933343217646, -1.0751933343217646, -1.0751933343217646]}
[4,   100] loss: 0.093, time: 195.95 seconds
[4,   200] loss: 0.187, time: 199.35 seconds
[4,   300] loss: 0.279, time: 202.90 seconds
[4,   400] loss: 0.368, time: 205.88 seconds
[4,   500] loss: 0.461, time: 209.02 seconds
[4,   600] loss: 0.550, time: 212.73 seconds
[4,   700] loss: 0.641, time: 216.26 seconds
[4,   800] loss: 0.732, time: 219.62 seconds
[4,   900] loss: 0.825, time: 223.51 seconds
[4,  1000] loss: 0.912, time: 227.27 seconds
[4,  1100] loss: 1.005, time: 231.16 seconds
[4,  1200] loss: 1.097, time: 235.00 seconds
[4,  1300] loss: 1.189, time: 238.97 seconds
Epoch time 49.15
{'train_loss': [2730.880964398384, 2573.443734586239, 2560.9388214945793, 2549.7859637141228], 'accuracy': [0.3503230437903805, 0.3503230437903805, 0.3503230437903805, 0.3503230437903805], 'recall': [0.3503230437903805, 0.3503230437903805, 0.3503230437903805, 0.3503230437903805], 'precision': [0.12272623501055685, 0.12272623501055685, 0.12272623501055685, 0.12272623501055685], 'f1': [0.18177314765518943, 0.18177314765518943, 0.18177314765518943, 0.18177314765518943], 'r2': [-1.0751933343217646, -1.0751933343217646, -1.0751933343217646, -1.0751933343217646]}
[5,   100] loss: 0.095, time: 266.08 seconds
[5,   200] loss: 0.186, time: 269.17 seconds
[5,   300] loss: 0.277, time: 272.83 seconds
[5,   400] loss: 0.367, time: 277.15 seconds
[5,   500] loss: 0.464, time: 281.02 seconds
[5,   600] loss: 0.559, time: 284.68 seconds
[5,   700] loss: 0.647, time: 287.79 seconds
[5,   800] loss: 0.736, time: 291.00 seconds
[5,   900] loss: 0.825, time: 294.44 seconds
[5,  1000] loss: 0.913, time: 297.62 seconds
[5,  1100] loss: 1.003, time: 300.67 seconds
[5,  1200] loss: 1.097, time: 303.81 seconds
[5,  1300] loss: 1.188, time: 306.87 seconds
Epoch time 47.33
{'train_loss': [2730.880964398384, 2573.443734586239, 2560.9388214945793, 2549.7859637141228, 2551.800161898136], 'accuracy': [0.3503230437903805, 0.3503230437903805, 0.3503230437903805, 0.3503230437903805, 0.3503230437903805], 'recall': [0.3503230437903805, 0.3503230437903805, 0.3503230437903805, 0.3503230437903805, 0.3503230437903805], 'precision': [0.12272623501055685, 0.12272623501055685, 0.12272623501055685, 0.12272623501055685, 0.12272623501055685], 'f1': [0.18177314765518943, 0.18177314765518943, 0.18177314765518943, 0.18177314765518943, 0.18177314765518943], 'r2': [-1.0751933343217646, -1.0751933343217646, -1.0751933343217646, -1.0751933343217646, -1.0751933343217646]}
[6,   100] loss: 0.093, time: 334.65 seconds
[6,   200] loss: 0.184, time: 338.71 seconds
[6,   300] loss: 0.266, time: 342.30 seconds
[6,   400] loss: 0.358, time: 346.35 seconds
[6,   500] loss: 0.454, time: 349.97 seconds
[6,   600] loss: 0.547, time: 353.89 seconds
[6,   700] loss: 0.638, time: 357.94 seconds
[6,   800] loss: 0.733, time: 361.52 seconds
[6,   900] loss: 0.824, time: 365.13 seconds
[6,  1000] loss: 0.918, time: 368.80 seconds
[6,  1100] loss: 1.010, time: 372.64 seconds
[6,  1200] loss: 1.102, time: 376.31 seconds
[6,  1300] loss: 1.186, time: 379.97 seconds
Epoch time 52.54
{'train_loss': [2730.880964398384, 2573.443734586239, 2560.9388214945793, 2549.7859637141228, 2551.800161898136, 2547.4549238681793], 'accuracy': [0.3503230437903805, 0.3503230437903805, 0.3503230437903805, 0.3503230437903805, 0.3503230437903805, 0.3503230437903805], 'recall': [0.3503230437903805, 0.3503230437903805, 0.3503230437903805, 0.3503230437903805, 0.3503230437903805, 0.3503230437903805], 'precision': [0.12272623501055685, 0.12272623501055685, 0.12272623501055685, 0.12272623501055685, 0.12272623501055685, 0.12272623501055685], 'f1': [0.18177314765518943, 0.18177314765518943, 0.18177314765518943, 0.18177314765518943, 0.18177314765518943, 0.18177314765518943], 'r2': [-1.0751933343217646, -1.0751933343217646, -1.0751933343217646, -1.0751933343217646, -1.0751933343217646, -1.0751933343217646]}
[7,   100] loss: 0.092, time: 410.87 seconds
[7,   200] loss: 0.184, time: 415.17 seconds
[7,   300] loss: 0.276, time: 419.35 seconds
[7,   400] loss: 0.361, time: 423.03 seconds
[7,   500] loss: 0.455, time: 427.15 seconds
[7,   600] loss: 0.547, time: 430.52 seconds
[7,   700] loss: 0.641, time: 434.75 seconds
[7,   800] loss: 0.735, time: 438.32 seconds
[7,   900] loss: 0.824, time: 441.77 seconds
[7,  1000] loss: 0.920, time: 446.27 seconds
[7,  1100] loss: 1.011, time: 450.54 seconds
[7,  1200] loss: 1.101, time: 454.53 seconds
[7,  1300] loss: 1.192, time: 458.29 seconds
Epoch time 55.10
{'train_loss': [2730.880964398384, 2573.443734586239, 2560.9388214945793, 2549.7859637141228, 2551.800161898136, 2547.4549238681793, 2548.187749862671], 'accuracy': [0.3503230437903805, 0.3503230437903805, 0.3503230437903805, 0.3503230437903805, 0.3503230437903805, 0.3503230437903805, 0.3503230437903805], 'recall': [0.3503230437903805, 0.3503230437903805, 0.3503230437903805, 0.3503230437903805, 0.3503230437903805, 0.3503230437903805, 0.3503230437903805], 'precision': [0.12272623501055685, 0.12272623501055685, 0.12272623501055685, 0.12272623501055685, 0.12272623501055685, 0.12272623501055685, 0.12272623501055685], 'f1': [0.18177314765518943, 0.18177314765518943, 0.18177314765518943, 0.18177314765518943, 0.18177314765518943, 0.18177314765518943, 0.18177314765518943], 'r2': [-1.0751933343217646, -1.0751933343217646, -1.0751933343217646, -1.0751933343217646, -1.0751933343217646, -1.0751933343217646, -1.0751933343217646]}
[8,   100] loss: 0.093, time: 488.23 seconds
[8,   200] loss: 0.187, time: 492.22 seconds
[8,   300] loss: 0.275, time: 495.97 seconds
[8,   400] loss: 0.362, time: 499.66 seconds
[8,   500] loss: 0.452, time: 503.42 seconds
[8,   600] loss: 0.541, time: 507.00 seconds
[8,   700] loss: 0.633, time: 510.45 seconds
[8,   800] loss: 0.726, time: 513.77 seconds
[8,   900] loss: 0.819, time: 517.34 seconds
[8,  1000] loss: 0.909, time: 520.72 seconds
[8,  1100] loss: 0.999, time: 524.07 seconds
[8,  1200] loss: 1.093, time: 527.37 seconds
[8,  1300] loss: 1.184, time: 530.78 seconds
Epoch time 49.50
{'train_loss': [2730.880964398384, 2573.443734586239, 2560.9388214945793, 2549.7859637141228, 2551.800161898136, 2547.4549238681793, 2548.187749862671, 2546.5493600964546], 'accuracy': [0.3503230437903805, 0.3503230437903805, 0.3503230437903805, 0.3503230437903805, 0.3503230437903805, 0.3503230437903805, 0.3503230437903805, 0.3503230437903805], 'recall': [0.3503230437903805, 0.3503230437903805, 0.3503230437903805, 0.3503230437903805, 0.3503230437903805, 0.3503230437903805, 0.3503230437903805, 0.3503230437903805], 'precision': [0.12272623501055685, 0.12272623501055685, 0.12272623501055685, 0.12272623501055685, 0.12272623501055685, 0.12272623501055685, 0.12272623501055685, 0.12272623501055685], 'f1': [0.18177314765518943, 0.18177314765518943, 0.18177314765518943, 0.18177314765518943, 0.18177314765518943, 0.18177314765518943, 0.18177314765518943, 0.18177314765518943], 'r2': [-1.0751933343217646, -1.0751933343217646, -1.0751933343217646, -1.0751933343217646, -1.0751933343217646, -1.0751933343217646, -1.0751933343217646, -1.0751933343217646]}
[9,   100] loss: 0.094, time: 560.57 seconds
[9,   200] loss: 0.185, time: 564.25 seconds
[9,   300] loss: 0.272, time: 568.09 seconds
[9,   400] loss: 0.368, time: 571.91 seconds
[9,   500] loss: 0.460, time: 575.88 seconds
[9,   600] loss: 0.555, time: 579.58 seconds
[9,   700] loss: 0.647, time: 583.24 seconds
[9,   800] loss: 0.737, time: 586.90 seconds
[9,   900] loss: 0.822, time: 590.51 seconds
[9,  1000] loss: 0.909, time: 594.23 seconds
[9,  1100] loss: 0.996, time: 597.89 seconds
[9,  1200] loss: 1.092, time: 601.71 seconds
[9,  1300] loss: 1.185, time: 605.22 seconds
Epoch time 51.83
{'train_loss': [2730.880964398384, 2573.443734586239, 2560.9388214945793, 2549.7859637141228, 2551.800161898136, 2547.4549238681793, 2548.187749862671, 2546.5493600964546, 2537.2381902337074], 'accuracy': [0.3503230437903805, 0.3503230437903805, 0.3503230437903805, 0.3503230437903805, 0.3503230437903805, 0.3503230437903805, 0.3503230437903805, 0.3503230437903805, 0.3503230437903805], 'recall': [0.3503230437903805, 0.3503230437903805, 0.3503230437903805, 0.3503230437903805, 0.3503230437903805, 0.3503230437903805, 0.3503230437903805, 0.3503230437903805, 0.3503230437903805], 'precision': [0.12272623501055685, 0.12272623501055685, 0.12272623501055685, 0.12272623501055685, 0.12272623501055685, 0.12272623501055685, 0.12272623501055685, 0.12272623501055685, 0.12272623501055685], 'f1': [0.18177314765518943, 0.18177314765518943, 0.18177314765518943, 0.18177314765518943, 0.18177314765518943, 0.18177314765518943, 0.18177314765518943, 0.18177314765518943, 0.18177314765518943], 'r2': [-1.0751933343217646, -1.0751933343217646, -1.0751933343217646, -1.0751933343217646, -1.0751933343217646, -1.0751933343217646, -1.0751933343217646, -1.0751933343217646, -1.0751933343217646]}
[10,   100] loss: 0.086, time: 631.58 seconds
[10,   200] loss: 0.177, time: 634.79 seconds
[10,   300] loss: 0.272, time: 638.88 seconds
[10,   400] loss: 0.366, time: 643.04 seconds
[10,   500] loss: 0.461, time: 646.90 seconds
[10,   600] loss: 0.554, time: 650.94 seconds
[10,   700] loss: 0.641, time: 655.12 seconds
[10,   800] loss: 0.729, time: 659.14 seconds
[10,   900] loss: 0.818, time: 663.09 seconds
[10,  1000] loss: 0.904, time: 666.91 seconds
[10,  1100] loss: 0.996, time: 670.88 seconds
[10,  1200] loss: 1.091, time: 674.65 seconds
[10,  1300] loss: 1.182, time: 678.48 seconds
Epoch time 53.44
{'train_loss': [2730.880964398384, 2573.443734586239, 2560.9388214945793, 2549.7859637141228, 2551.800161898136, 2547.4549238681793, 2548.187749862671, 2546.5493600964546, 2537.2381902337074, 2534.4254237413406], 'accuracy': [0.3503230437903805, 0.3503230437903805, 0.3503230437903805, 0.3503230437903805, 0.3503230437903805, 0.3503230437903805, 0.3503230437903805, 0.3503230437903805, 0.3503230437903805, 0.3503230437903805], 'recall': [0.3503230437903805, 0.3503230437903805, 0.3503230437903805, 0.3503230437903805, 0.3503230437903805, 0.3503230437903805, 0.3503230437903805, 0.3503230437903805, 0.3503230437903805, 0.3503230437903805], 'precision': [0.12272623501055685, 0.12272623501055685, 0.12272623501055685, 0.12272623501055685, 0.12272623501055685, 0.12272623501055685, 0.12272623501055685, 0.12272623501055685, 0.12272623501055685, 0.12272623501055685], 'f1': [0.18177314765518943, 0.18177314765518943, 0.18177314765518943, 0.18177314765518943, 0.18177314765518943, 0.18177314765518943, 0.18177314765518943, 0.18177314765518943, 0.18177314765518943, 0.18177314765518943], 'r2': [-1.0751933343217646, -1.0751933343217646, -1.0751933343217646, -1.0751933343217646, -1.0751933343217646, -1.0751933343217646, -1.0751933343217646, -1.0751933343217646, -1.0751933343217646, -1.0751933343217646]}
[11,   100] loss: 0.085, time: 712.28 seconds
[11,   200] loss: 0.177, time: 716.97 seconds
[11,   300] loss: 0.267, time: 721.93 seconds
[11,   400] loss: 0.358, time: 726.11 seconds
[11,   500] loss: 0.447, time: 729.99 seconds
[11,   600] loss: 0.541, time: 734.04 seconds
[11,   700] loss: 0.638, time: 737.99 seconds
[11,   800] loss: 0.727, time: 742.15 seconds
[11,   900] loss: 0.818, time: 745.97 seconds
[11,  1000] loss: 0.913, time: 749.63 seconds
[11,  1100] loss: 1.005, time: 753.06 seconds
[11,  1200] loss: 1.097, time: 756.66 seconds
[11,  1300] loss: 1.187, time: 760.52 seconds
Epoch time 55.81
{'train_loss': [2730.880964398384, 2573.443734586239, 2560.9388214945793, 2549.7859637141228, 2551.800161898136, 2547.4549238681793, 2548.187749862671, 2546.5493600964546, 2537.2381902337074, 2534.4254237413406, 2537.7021608948708], 'accuracy': [0.3503230437903805, 0.3503230437903805, 0.3503230437903805, 0.3503230437903805, 0.3503230437903805, 0.3503230437903805, 0.3503230437903805, 0.3503230437903805, 0.3503230437903805, 0.3503230437903805, 0.3503230437903805], 'recall': [0.3503230437903805, 0.3503230437903805, 0.3503230437903805, 0.3503230437903805, 0.3503230437903805, 0.3503230437903805, 0.3503230437903805, 0.3503230437903805, 0.3503230437903805, 0.3503230437903805, 0.3503230437903805], 'precision': [0.12272623501055685, 0.12272623501055685, 0.12272623501055685, 0.12272623501055685, 0.12272623501055685, 0.12272623501055685, 0.12272623501055685, 0.12272623501055685, 0.12272623501055685, 0.12272623501055685, 0.12272623501055685], 'f1': [0.18177314765518943, 0.18177314765518943, 0.18177314765518943, 0.18177314765518943, 0.18177314765518943, 0.18177314765518943, 0.18177314765518943, 0.18177314765518943, 0.18177314765518943, 0.18177314765518943, 0.18177314765518943], 'r2': [-1.0751933343217646, -1.0751933343217646, -1.0751933343217646, -1.0751933343217646, -1.0751933343217646, -1.0751933343217646, -1.0751933343217646, -1.0751933343217646, -1.0751933343217646, -1.0751933343217646, -1.0751933343217646]}
[12,   100] loss: 0.094, time: 783.98 seconds
[12,   200] loss: 0.186, time: 787.28 seconds
[12,   300] loss: 0.278, time: 790.67 seconds
[12,   400] loss: 0.369, time: 794.17 seconds
[12,   500] loss: 0.456, time: 797.26 seconds
[12,   600] loss: 0.547, time: 800.19 seconds
[12,   700] loss: 0.633, time: 803.51 seconds
[12,   800] loss: 0.728, time: 806.62 seconds
[12,   900] loss: 0.822, time: 809.58 seconds
[12,  1000] loss: 0.914, time: 812.48 seconds
[12,  1100] loss: 1.004, time: 815.30 seconds
[12,  1200] loss: 1.092, time: 818.49 seconds
[12,  1300] loss: 1.185, time: 821.24 seconds
Epoch time 42.60
{'train_loss': [2730.880964398384, 2573.443734586239, 2560.9388214945793, 2549.7859637141228, 2551.800161898136, 2547.4549238681793, 2548.187749862671, 2546.5493600964546, 2537.2381902337074, 2534.4254237413406, 2537.7021608948708, 2541.9928706288338], 'accuracy': [0.3503230437903805, 0.3503230437903805, 0.3503230437903805, 0.3503230437903805, 0.3503230437903805, 0.3503230437903805, 0.3503230437903805, 0.3503230437903805, 0.3503230437903805, 0.3503230437903805, 0.3503230437903805, 0.3503230437903805], 'recall': [0.3503230437903805, 0.3503230437903805, 0.3503230437903805, 0.3503230437903805, 0.3503230437903805, 0.3503230437903805, 0.3503230437903805, 0.3503230437903805, 0.3503230437903805, 0.3503230437903805, 0.3503230437903805, 0.3503230437903805], 'precision': [0.12272623501055685, 0.12272623501055685, 0.12272623501055685, 0.12272623501055685, 0.12272623501055685, 0.12272623501055685, 0.12272623501055685, 0.12272623501055685, 0.12272623501055685, 0.12272623501055685, 0.12272623501055685, 0.12272623501055685], 'f1': [0.18177314765518943, 0.18177314765518943, 0.18177314765518943, 0.18177314765518943, 0.18177314765518943, 0.18177314765518943, 0.18177314765518943, 0.18177314765518943, 0.18177314765518943, 0.18177314765518943, 0.18177314765518943, 0.18177314765518943], 'r2': [-1.0751933343217646, -1.0751933343217646, -1.0751933343217646, -1.0751933343217646, -1.0751933343217646, -1.0751933343217646, -1.0751933343217646, -1.0751933343217646, -1.0751933343217646, -1.0751933343217646, -1.0751933343217646, -1.0751933343217646]}
[13,   100] loss: 0.088, time: 842.18 seconds
[13,   200] loss: 0.178, time: 845.52 seconds
[13,   300] loss: 0.271, time: 848.29 seconds
[13,   400] loss: 0.363, time: 851.05 seconds
[13,   500] loss: 0.453, time: 853.86 seconds
[13,   600] loss: 0.546, time: 856.79 seconds
[13,   700] loss: 0.636, time: 859.55 seconds
[13,   800] loss: 0.723, time: 862.51 seconds
[13,   900] loss: 0.818, time: 865.32 seconds
[13,  1000] loss: 0.910, time: 868.25 seconds
[13,  1100] loss: 1.001, time: 871.35 seconds
[13,  1200] loss: 1.095, time: 874.10 seconds
[13,  1300] loss: 1.184, time: 877.23 seconds
Epoch time 40.43
{'train_loss': [2730.880964398384, 2573.443734586239, 2560.9388214945793, 2549.7859637141228, 2551.800161898136, 2547.4549238681793, 2548.187749862671, 2546.5493600964546, 2537.2381902337074, 2534.4254237413406, 2537.7021608948708, 2541.9928706288338, 2541.3556988835335], 'accuracy': [0.3503230437903805, 0.3503230437903805, 0.3503230437903805, 0.3503230437903805, 0.3503230437903805, 0.3503230437903805, 0.3503230437903805, 0.3503230437903805, 0.3503230437903805, 0.3503230437903805, 0.3503230437903805, 0.3503230437903805, 0.3503230437903805], 'recall': [0.3503230437903805, 0.3503230437903805, 0.3503230437903805, 0.3503230437903805, 0.3503230437903805, 0.3503230437903805, 0.3503230437903805, 0.3503230437903805, 0.3503230437903805, 0.3503230437903805, 0.3503230437903805, 0.3503230437903805, 0.3503230437903805], 'precision': [0.12272623501055685, 0.12272623501055685, 0.12272623501055685, 0.12272623501055685, 0.12272623501055685, 0.12272623501055685, 0.12272623501055685, 0.12272623501055685, 0.12272623501055685, 0.12272623501055685, 0.12272623501055685, 0.12272623501055685, 0.12272623501055685], 'f1': [0.18177314765518943, 0.18177314765518943, 0.18177314765518943, 0.18177314765518943, 0.18177314765518943, 0.18177314765518943, 0.18177314765518943, 0.18177314765518943, 0.18177314765518943, 0.18177314765518943, 0.18177314765518943, 0.18177314765518943, 0.18177314765518943], 'r2': [-1.0751933343217646, -1.0751933343217646, -1.0751933343217646, -1.0751933343217646, -1.0751933343217646, -1.0751933343217646, -1.0751933343217646, -1.0751933343217646, -1.0751933343217646, -1.0751933343217646, -1.0751933343217646, -1.0751933343217646, -1.0751933343217646]}
[14,   100] loss: 0.095, time: 898.76 seconds
[14,   200] loss: 0.192, time: 901.49 seconds
[14,   300] loss: 0.279, time: 904.25 seconds
[14,   400] loss: 0.369, time: 907.00 seconds
[14,   500] loss: 0.460, time: 909.74 seconds
[14,   600] loss: 0.549, time: 912.52 seconds
[14,   700] loss: 0.636, time: 915.28 seconds
[14,   800] loss: 0.725, time: 918.03 seconds
[14,   900] loss: 0.819, time: 920.75 seconds
[14,  1000] loss: 0.908, time: 923.68 seconds
[14,  1100] loss: 0.996, time: 926.42 seconds
[14,  1200] loss: 1.085, time: 929.17 seconds
[14,  1300] loss: 1.182, time: 932.15 seconds
Epoch time 39.30
{'train_loss': [2730.880964398384, 2573.443734586239, 2560.9388214945793, 2549.7859637141228, 2551.800161898136, 2547.4549238681793, 2548.187749862671, 2546.5493600964546, 2537.2381902337074, 2534.4254237413406, 2537.7021608948708, 2541.9928706288338, 2541.3556988835335, 2535.8786126971245], 'accuracy': [0.3503230437903805, 0.3503230437903805, 0.3503230437903805, 0.3503230437903805, 0.3503230437903805, 0.3503230437903805, 0.3503230437903805, 0.3503230437903805, 0.3503230437903805, 0.3503230437903805, 0.3503230437903805, 0.3503230437903805, 0.3503230437903805, 0.3503230437903805], 'recall': [0.3503230437903805, 0.3503230437903805, 0.3503230437903805, 0.3503230437903805, 0.3503230437903805, 0.3503230437903805, 0.3503230437903805, 0.3503230437903805, 0.3503230437903805, 0.3503230437903805, 0.3503230437903805, 0.3503230437903805, 0.3503230437903805, 0.3503230437903805], 'precision': [0.12272623501055685, 0.12272623501055685, 0.12272623501055685, 0.12272623501055685, 0.12272623501055685, 0.12272623501055685, 0.12272623501055685, 0.12272623501055685, 0.12272623501055685, 0.12272623501055685, 0.12272623501055685, 0.12272623501055685, 0.12272623501055685, 0.12272623501055685], 'f1': [0.18177314765518943, 0.18177314765518943, 0.18177314765518943, 0.18177314765518943, 0.18177314765518943, 0.18177314765518943, 0.18177314765518943, 0.18177314765518943, 0.18177314765518943, 0.18177314765518943, 0.18177314765518943, 0.18177314765518943, 0.18177314765518943, 0.18177314765518943], 'r2': [-1.0751933343217646, -1.0751933343217646, -1.0751933343217646, -1.0751933343217646, -1.0751933343217646, -1.0751933343217646, -1.0751933343217646, -1.0751933343217646, -1.0751933343217646, -1.0751933343217646, -1.0751933343217646, -1.0751933343217646, -1.0751933343217646, -1.0751933343217646]}
[15,   100] loss: 0.091, time: 956.83 seconds
[15,   200] loss: 0.184, time: 959.74 seconds
[15,   300] loss: 0.278, time: 962.77 seconds
[15,   400] loss: 0.372, time: 965.53 seconds
[15,   500] loss: 0.462, time: 968.65 seconds
[15,   600] loss: 0.548, time: 971.82 seconds
[15,   700] loss: 0.637, time: 974.80 seconds
[15,   800] loss: 0.729, time: 977.81 seconds
[15,   900] loss: 0.820, time: 980.76 seconds
[15,  1000] loss: 0.914, time: 983.73 seconds
[15,  1100] loss: 1.004, time: 986.66 seconds
[15,  1200] loss: 1.095, time: 989.62 seconds
[15,  1300] loss: 1.183, time: 992.59 seconds
Epoch time 41.55
{'train_loss': [2730.880964398384, 2573.443734586239, 2560.9388214945793, 2549.7859637141228, 2551.800161898136, 2547.4549238681793, 2548.187749862671, 2546.5493600964546, 2537.2381902337074, 2534.4254237413406, 2537.7021608948708, 2541.9928706288338, 2541.3556988835335, 2535.8786126971245, 2538.463636279106], 'accuracy': [0.3503230437903805, 0.3503230437903805, 0.3503230437903805, 0.3503230437903805, 0.3503230437903805, 0.3503230437903805, 0.3503230437903805, 0.3503230437903805, 0.3503230437903805, 0.3503230437903805, 0.3503230437903805, 0.3503230437903805, 0.3503230437903805, 0.3503230437903805, 0.3503230437903805], 'recall': [0.3503230437903805, 0.3503230437903805, 0.3503230437903805, 0.3503230437903805, 0.3503230437903805, 0.3503230437903805, 0.3503230437903805, 0.3503230437903805, 0.3503230437903805, 0.3503230437903805, 0.3503230437903805, 0.3503230437903805, 0.3503230437903805, 0.3503230437903805, 0.3503230437903805], 'precision': [0.12272623501055685, 0.12272623501055685, 0.12272623501055685, 0.12272623501055685, 0.12272623501055685, 0.12272623501055685, 0.12272623501055685, 0.12272623501055685, 0.12272623501055685, 0.12272623501055685, 0.12272623501055685, 0.12272623501055685, 0.12272623501055685, 0.12272623501055685, 0.12272623501055685], 'f1': [0.18177314765518943, 0.18177314765518943, 0.18177314765518943, 0.18177314765518943, 0.18177314765518943, 0.18177314765518943, 0.18177314765518943, 0.18177314765518943, 0.18177314765518943, 0.18177314765518943, 0.18177314765518943, 0.18177314765518943, 0.18177314765518943, 0.18177314765518943, 0.18177314765518943], 'r2': [-1.0751933343217646, -1.0751933343217646, -1.0751933343217646, -1.0751933343217646, -1.0751933343217646, -1.0751933343217646, -1.0751933343217646, -1.0751933343217646, -1.0751933343217646, -1.0751933343217646, -1.0751933343217646, -1.0751933343217646, -1.0751933343217646, -1.0751933343217646, -1.0751933343217646]}
[16,   100] loss: 0.091, time: 1015.09 seconds
[16,   200] loss: 0.176, time: 1018.22 seconds
[16,   300] loss: 0.265, time: 1021.17 seconds
[16,   400] loss: 0.361, time: 1024.20 seconds
[16,   500] loss: 0.452, time: 1027.20 seconds
[16,   600] loss: 0.544, time: 1030.24 seconds
[16,   700] loss: 0.635, time: 1033.21 seconds
[16,   800] loss: 0.727, time: 1036.17 seconds
[16,   900] loss: 0.821, time: 1039.09 seconds
[16,  1000] loss: 0.911, time: 1042.04 seconds
[16,  1100] loss: 1.001, time: 1044.98 seconds
[16,  1200] loss: 1.087, time: 1048.11 seconds
[16,  1300] loss: 1.182, time: 1051.15 seconds
Epoch time 41.74
{'train_loss': [2730.880964398384, 2573.443734586239, 2560.9388214945793, 2549.7859637141228, 2551.800161898136, 2547.4549238681793, 2548.187749862671, 2546.5493600964546, 2537.2381902337074, 2534.4254237413406, 2537.7021608948708, 2541.9928706288338, 2541.3556988835335, 2535.8786126971245, 2538.463636279106, 2536.2078186273575], 'accuracy': [0.3503230437903805, 0.3503230437903805, 0.3503230437903805, 0.3503230437903805, 0.3503230437903805, 0.3503230437903805, 0.3503230437903805, 0.3503230437903805, 0.3503230437903805, 0.3503230437903805, 0.3503230437903805, 0.3503230437903805, 0.3503230437903805, 0.3503230437903805, 0.3503230437903805, 0.3503230437903805], 'recall': [0.3503230437903805, 0.3503230437903805, 0.3503230437903805, 0.3503230437903805, 0.3503230437903805, 0.3503230437903805, 0.3503230437903805, 0.3503230437903805, 0.3503230437903805, 0.3503230437903805, 0.3503230437903805, 0.3503230437903805, 0.3503230437903805, 0.3503230437903805, 0.3503230437903805, 0.3503230437903805], 'precision': [0.12272623501055685, 0.12272623501055685, 0.12272623501055685, 0.12272623501055685, 0.12272623501055685, 0.12272623501055685, 0.12272623501055685, 0.12272623501055685, 0.12272623501055685, 0.12272623501055685, 0.12272623501055685, 0.12272623501055685, 0.12272623501055685, 0.12272623501055685, 0.12272623501055685, 0.12272623501055685], 'f1': [0.18177314765518943, 0.18177314765518943, 0.18177314765518943, 0.18177314765518943, 0.18177314765518943, 0.18177314765518943, 0.18177314765518943, 0.18177314765518943, 0.18177314765518943, 0.18177314765518943, 0.18177314765518943, 0.18177314765518943, 0.18177314765518943, 0.18177314765518943, 0.18177314765518943, 0.18177314765518943], 'r2': [-1.0751933343217646, -1.0751933343217646, -1.0751933343217646, -1.0751933343217646, -1.0751933343217646, -1.0751933343217646, -1.0751933343217646, -1.0751933343217646, -1.0751933343217646, -1.0751933343217646, -1.0751933343217646, -1.0751933343217646, -1.0751933343217646, -1.0751933343217646, -1.0751933343217646, -1.0751933343217646]}
[17,   100] loss: 0.090, time: 1074.06 seconds
[17,   200] loss: 0.179, time: 1077.81 seconds
[17,   300] loss: 0.265, time: 1080.89 seconds
[17,   400] loss: 0.355, time: 1083.88 seconds
[17,   500] loss: 0.448, time: 1086.92 seconds
[17,   600] loss: 0.538, time: 1090.00 seconds
[17,   700] loss: 0.632, time: 1093.04 seconds
[17,   800] loss: 0.724, time: 1096.04 seconds
[17,   900] loss: 0.817, time: 1099.02 seconds
[17,  1000] loss: 0.906, time: 1102.01 seconds
[17,  1100] loss: 0.994, time: 1105.02 seconds
[17,  1200] loss: 1.090, time: 1107.99 seconds
[17,  1300] loss: 1.180, time: 1110.96 seconds
Epoch time 43.13
{'train_loss': [2730.880964398384, 2573.443734586239, 2560.9388214945793, 2549.7859637141228, 2551.800161898136, 2547.4549238681793, 2548.187749862671, 2546.5493600964546, 2537.2381902337074, 2534.4254237413406, 2537.7021608948708, 2541.9928706288338, 2541.3556988835335, 2535.8786126971245, 2538.463636279106, 2536.2078186273575, 2536.1225410699844], 'accuracy': [0.3503230437903805, 0.3503230437903805, 0.3503230437903805, 0.3503230437903805, 0.3503230437903805, 0.3503230437903805, 0.3503230437903805, 0.3503230437903805, 0.3503230437903805, 0.3503230437903805, 0.3503230437903805, 0.3503230437903805, 0.3503230437903805, 0.3503230437903805, 0.3503230437903805, 0.3503230437903805, 0.3503230437903805], 'recall': [0.3503230437903805, 0.3503230437903805, 0.3503230437903805, 0.3503230437903805, 0.3503230437903805, 0.3503230437903805, 0.3503230437903805, 0.3503230437903805, 0.3503230437903805, 0.3503230437903805, 0.3503230437903805, 0.3503230437903805, 0.3503230437903805, 0.3503230437903805, 0.3503230437903805, 0.3503230437903805, 0.3503230437903805], 'precision': [0.12272623501055685, 0.12272623501055685, 0.12272623501055685, 0.12272623501055685, 0.12272623501055685, 0.12272623501055685, 0.12272623501055685, 0.12272623501055685, 0.12272623501055685, 0.12272623501055685, 0.12272623501055685, 0.12272623501055685, 0.12272623501055685, 0.12272623501055685, 0.12272623501055685, 0.12272623501055685, 0.12272623501055685], 'f1': [0.18177314765518943, 0.18177314765518943, 0.18177314765518943, 0.18177314765518943, 0.18177314765518943, 0.18177314765518943, 0.18177314765518943, 0.18177314765518943, 0.18177314765518943, 0.18177314765518943, 0.18177314765518943, 0.18177314765518943, 0.18177314765518943, 0.18177314765518943, 0.18177314765518943, 0.18177314765518943, 0.18177314765518943], 'r2': [-1.0751933343217646, -1.0751933343217646, -1.0751933343217646, -1.0751933343217646, -1.0751933343217646, -1.0751933343217646, -1.0751933343217646, -1.0751933343217646, -1.0751933343217646, -1.0751933343217646, -1.0751933343217646, -1.0751933343217646, -1.0751933343217646, -1.0751933343217646, -1.0751933343217646, -1.0751933343217646, -1.0751933343217646]}
[18,   100] loss: 0.087, time: 1137.37 seconds
[18,   200] loss: 0.177, time: 1140.28 seconds
[18,   300] loss: 0.270, time: 1143.41 seconds
[18,   400] loss: 0.362, time: 1147.23 seconds
[18,   500] loss: 0.452, time: 1151.24 seconds
[18,   600] loss: 0.543, time: 1155.06 seconds
[18,   700] loss: 0.630, time: 1158.86 seconds
[18,   800] loss: 0.720, time: 1161.96 seconds
[18,   900] loss: 0.808, time: 1165.01 seconds
[18,  1000] loss: 0.906, time: 1168.25 seconds
[18,  1100] loss: 0.998, time: 1171.28 seconds
[18,  1200] loss: 1.088, time: 1174.28 seconds
[18,  1300] loss: 1.180, time: 1177.39 seconds
Epoch time 46.47
{'train_loss': [2730.880964398384, 2573.443734586239, 2560.9388214945793, 2549.7859637141228, 2551.800161898136, 2547.4549238681793, 2548.187749862671, 2546.5493600964546, 2537.2381902337074, 2534.4254237413406, 2537.7021608948708, 2541.9928706288338, 2541.3556988835335, 2535.8786126971245, 2538.463636279106, 2536.2078186273575, 2536.1225410699844, 2537.2240996956825], 'accuracy': [0.3503230437903805, 0.3503230437903805, 0.3503230437903805, 0.3503230437903805, 0.3503230437903805, 0.3503230437903805, 0.3503230437903805, 0.3503230437903805, 0.3503230437903805, 0.3503230437903805, 0.3503230437903805, 0.3503230437903805, 0.3503230437903805, 0.3503230437903805, 0.3503230437903805, 0.3503230437903805, 0.3503230437903805, 0.3503230437903805], 'recall': [0.3503230437903805, 0.3503230437903805, 0.3503230437903805, 0.3503230437903805, 0.3503230437903805, 0.3503230437903805, 0.3503230437903805, 0.3503230437903805, 0.3503230437903805, 0.3503230437903805, 0.3503230437903805, 0.3503230437903805, 0.3503230437903805, 0.3503230437903805, 0.3503230437903805, 0.3503230437903805, 0.3503230437903805, 0.3503230437903805], 'precision': [0.12272623501055685, 0.12272623501055685, 0.12272623501055685, 0.12272623501055685, 0.12272623501055685, 0.12272623501055685, 0.12272623501055685, 0.12272623501055685, 0.12272623501055685, 0.12272623501055685, 0.12272623501055685, 0.12272623501055685, 0.12272623501055685, 0.12272623501055685, 0.12272623501055685, 0.12272623501055685, 0.12272623501055685, 0.12272623501055685], 'f1': [0.18177314765518943, 0.18177314765518943, 0.18177314765518943, 0.18177314765518943, 0.18177314765518943, 0.18177314765518943, 0.18177314765518943, 0.18177314765518943, 0.18177314765518943, 0.18177314765518943, 0.18177314765518943, 0.18177314765518943, 0.18177314765518943, 0.18177314765518943, 0.18177314765518943, 0.18177314765518943, 0.18177314765518943, 0.18177314765518943], 'r2': [-1.0751933343217646, -1.0751933343217646, -1.0751933343217646, -1.0751933343217646, -1.0751933343217646, -1.0751933343217646, -1.0751933343217646, -1.0751933343217646, -1.0751933343217646, -1.0751933343217646, -1.0751933343217646, -1.0751933343217646, -1.0751933343217646, -1.0751933343217646, -1.0751933343217646, -1.0751933343217646, -1.0751933343217646, -1.0751933343217646]}
[19,   100] loss: 0.093, time: 1200.32 seconds
[19,   200] loss: 0.180, time: 1203.31 seconds
[19,   300] loss: 0.270, time: 1206.46 seconds
[19,   400] loss: 0.359, time: 1209.83 seconds
[19,   500] loss: 0.449, time: 1212.83 seconds
[19,   600] loss: 0.540, time: 1215.84 seconds
[19,   700] loss: 0.627, time: 1218.94 seconds
[19,   800] loss: 0.720, time: 1221.90 seconds
[19,   900] loss: 0.809, time: 1224.90 seconds
[19,  1000] loss: 0.902, time: 1228.15 seconds
[19,  1100] loss: 0.997, time: 1231.58 seconds
[19,  1200] loss: 1.088, time: 1235.33 seconds
[19,  1300] loss: 1.182, time: 1238.59 seconds
Epoch time 44.03
{'train_loss': [2730.880964398384, 2573.443734586239, 2560.9388214945793, 2549.7859637141228, 2551.800161898136, 2547.4549238681793, 2548.187749862671, 2546.5493600964546, 2537.2381902337074, 2534.4254237413406, 2537.7021608948708, 2541.9928706288338, 2541.3556988835335, 2535.8786126971245, 2538.463636279106, 2536.2078186273575, 2536.1225410699844, 2537.2240996956825, 2533.0817678570747], 'accuracy': [0.3503230437903805, 0.3503230437903805, 0.3503230437903805, 0.3503230437903805, 0.3503230437903805, 0.3503230437903805, 0.3503230437903805, 0.3503230437903805, 0.3503230437903805, 0.3503230437903805, 0.3503230437903805, 0.3503230437903805, 0.3503230437903805, 0.3503230437903805, 0.3503230437903805, 0.3503230437903805, 0.3503230437903805, 0.3503230437903805, 0.3503230437903805], 'recall': [0.3503230437903805, 0.3503230437903805, 0.3503230437903805, 0.3503230437903805, 0.3503230437903805, 0.3503230437903805, 0.3503230437903805, 0.3503230437903805, 0.3503230437903805, 0.3503230437903805, 0.3503230437903805, 0.3503230437903805, 0.3503230437903805, 0.3503230437903805, 0.3503230437903805, 0.3503230437903805, 0.3503230437903805, 0.3503230437903805, 0.3503230437903805], 'precision': [0.12272623501055685, 0.12272623501055685, 0.12272623501055685, 0.12272623501055685, 0.12272623501055685, 0.12272623501055685, 0.12272623501055685, 0.12272623501055685, 0.12272623501055685, 0.12272623501055685, 0.12272623501055685, 0.12272623501055685, 0.12272623501055685, 0.12272623501055685, 0.12272623501055685, 0.12272623501055685, 0.12272623501055685, 0.12272623501055685, 0.12272623501055685], 'f1': [0.18177314765518943, 0.18177314765518943, 0.18177314765518943, 0.18177314765518943, 0.18177314765518943, 0.18177314765518943, 0.18177314765518943, 0.18177314765518943, 0.18177314765518943, 0.18177314765518943, 0.18177314765518943, 0.18177314765518943, 0.18177314765518943, 0.18177314765518943, 0.18177314765518943, 0.18177314765518943, 0.18177314765518943, 0.18177314765518943, 0.18177314765518943], 'r2': [-1.0751933343217646, -1.0751933343217646, -1.0751933343217646, -1.0751933343217646, -1.0751933343217646, -1.0751933343217646, -1.0751933343217646, -1.0751933343217646, -1.0751933343217646, -1.0751933343217646, -1.0751933343217646, -1.0751933343217646, -1.0751933343217646, -1.0751933343217646, -1.0751933343217646, -1.0751933343217646, -1.0751933343217646, -1.0751933343217646, -1.0751933343217646]}
[20,   100] loss: 0.090, time: 1261.67 seconds
[20,   200] loss: 0.181, time: 1264.67 seconds
[20,   300] loss: 0.267, time: 1267.66 seconds
[20,   400] loss: 0.356, time: 1270.68 seconds
[20,   500] loss: 0.450, time: 1273.75 seconds
[20,   600] loss: 0.534, time: 1276.86 seconds
[20,   700] loss: 0.626, time: 1280.16 seconds
[20,   800] loss: 0.722, time: 1283.33 seconds
[20,   900] loss: 0.816, time: 1286.33 seconds
[20,  1000] loss: 0.909, time: 1289.45 seconds
[20,  1100] loss: 1.004, time: 1292.48 seconds
[20,  1200] loss: 1.094, time: 1295.58 seconds
[20,  1300] loss: 1.182, time: 1298.66 seconds
Epoch time 42.87
{'train_loss': [2730.880964398384, 2573.443734586239, 2560.9388214945793, 2549.7859637141228, 2551.800161898136, 2547.4549238681793, 2548.187749862671, 2546.5493600964546, 2537.2381902337074, 2534.4254237413406, 2537.7021608948708, 2541.9928706288338, 2541.3556988835335, 2535.8786126971245, 2538.463636279106, 2536.2078186273575, 2536.1225410699844, 2537.2240996956825, 2533.0817678570747, 2529.012961924076], 'accuracy': [0.3503230437903805, 0.3503230437903805, 0.3503230437903805, 0.3503230437903805, 0.3503230437903805, 0.3503230437903805, 0.3503230437903805, 0.3503230437903805, 0.3503230437903805, 0.3503230437903805, 0.3503230437903805, 0.3503230437903805, 0.3503230437903805, 0.3503230437903805, 0.3503230437903805, 0.3503230437903805, 0.3503230437903805, 0.3503230437903805, 0.3503230437903805, 0.3503230437903805], 'recall': [0.3503230437903805, 0.3503230437903805, 0.3503230437903805, 0.3503230437903805, 0.3503230437903805, 0.3503230437903805, 0.3503230437903805, 0.3503230437903805, 0.3503230437903805, 0.3503230437903805, 0.3503230437903805, 0.3503230437903805, 0.3503230437903805, 0.3503230437903805, 0.3503230437903805, 0.3503230437903805, 0.3503230437903805, 0.3503230437903805, 0.3503230437903805, 0.3503230437903805], 'precision': [0.12272623501055685, 0.12272623501055685, 0.12272623501055685, 0.12272623501055685, 0.12272623501055685, 0.12272623501055685, 0.12272623501055685, 0.12272623501055685, 0.12272623501055685, 0.12272623501055685, 0.12272623501055685, 0.12272623501055685, 0.12272623501055685, 0.12272623501055685, 0.12272623501055685, 0.12272623501055685, 0.12272623501055685, 0.12272623501055685, 0.12272623501055685, 0.12272623501055685], 'f1': [0.18177314765518943, 0.18177314765518943, 0.18177314765518943, 0.18177314765518943, 0.18177314765518943, 0.18177314765518943, 0.18177314765518943, 0.18177314765518943, 0.18177314765518943, 0.18177314765518943, 0.18177314765518943, 0.18177314765518943, 0.18177314765518943, 0.18177314765518943, 0.18177314765518943, 0.18177314765518943, 0.18177314765518943, 0.18177314765518943, 0.18177314765518943, 0.18177314765518943], 'r2': [-1.0751933343217646, -1.0751933343217646, -1.0751933343217646, -1.0751933343217646, -1.0751933343217646, -1.0751933343217646, -1.0751933343217646, -1.0751933343217646, -1.0751933343217646, -1.0751933343217646, -1.0751933343217646, -1.0751933343217646, -1.0751933343217646, -1.0751933343217646, -1.0751933343217646, -1.0751933343217646, -1.0751933343217646, -1.0751933343217646, -1.0751933343217646, -1.0751933343217646]}
Total training time: 1319.16 s
Finished Training
