MichCNN_base_lr=0.001_momentum=0.9_stats.json
[1,   100] loss: 0.093, time: 3.65 seconds
[1,   200] loss: 0.186, time: 8.44 seconds
[1,   300] loss: 0.279, time: 13.74 seconds
[1,   400] loss: 0.366, time: 20.09 seconds
[1,   500] loss: 0.461, time: 26.43 seconds
[1,   600] loss: 0.555, time: 32.83 seconds
[1,   700] loss: 0.649, time: 39.25 seconds
[1,   800] loss: 0.743, time: 46.08 seconds
[1,   900] loss: 0.834, time: 54.88 seconds
[1,  1000] loss: 0.926, time: 63.85 seconds
[1,  1100] loss: 1.013, time: 73.09 seconds
[1,  1200] loss: 1.105, time: 82.31 seconds
[1,  1300] loss: 1.195, time: 91.42 seconds
Epoch time 100.19
{'train_loss': [2555.941516339779], 'accuracy': [0.3503230437903805], 'recall': [0.3503230437903805], 'precision': [0.12272623501055685], 'f1': [0.18177314765518943], 'r2': [-1.0751933343217646], 'confusion_matrix': [[[488, 0, 0, 0, 0, 0, 0], [170, 0, 0, 0, 0, 0, 0], [160, 0, 0, 0, 0, 0, 0], [158, 0, 0, 0, 0, 0, 0], [152, 0, 0, 0, 0, 0, 0], [144, 0, 0, 0, 0, 0, 0], [121, 0, 0, 0, 0, 0, 0]]], 'roc_auc_micro': [0.6210217755443886], 'roc_auc_macro': [0.5]}
[2,   100] loss: 0.085, time: 147.11 seconds
[2,   200] loss: 0.175, time: 156.64 seconds
[2,   300] loss: 0.268, time: 166.21 seconds
[2,   400] loss: 0.359, time: 175.57 seconds
[2,   500] loss: 0.449, time: 185.25 seconds
[2,   600] loss: 0.539, time: 193.98 seconds
[2,   700] loss: 0.629, time: 202.66 seconds
[2,   800] loss: 0.720, time: 211.76 seconds
[2,   900] loss: 0.812, time: 220.88 seconds
[2,  1000] loss: 0.905, time: 229.89 seconds
[2,  1100] loss: 0.991, time: 238.77 seconds
[2,  1200] loss: 1.086, time: 248.09 seconds
[2,  1300] loss: 1.177, time: 266.26 seconds
Epoch time 137.05
{'train_loss': [2555.941516339779, 2526.4499656558037], 'accuracy': [0.3503230437903805, 0.3503230437903805], 'recall': [0.3503230437903805, 0.3503230437903805], 'precision': [0.12272623501055685, 0.12272623501055685], 'f1': [0.18177314765518943, 0.18177314765518943], 'r2': [-1.0751933343217646, -1.0751933343217646], 'confusion_matrix': [[[488, 0, 0, 0, 0, 0, 0], [170, 0, 0, 0, 0, 0, 0], [160, 0, 0, 0, 0, 0, 0], [158, 0, 0, 0, 0, 0, 0], [152, 0, 0, 0, 0, 0, 0], [144, 0, 0, 0, 0, 0, 0], [121, 0, 0, 0, 0, 0, 0]], [[488, 0, 0, 0, 0, 0, 0], [170, 0, 0, 0, 0, 0, 0], [160, 0, 0, 0, 0, 0, 0], [158, 0, 0, 0, 0, 0, 0], [152, 0, 0, 0, 0, 0, 0], [144, 0, 0, 0, 0, 0, 0], [121, 0, 0, 0, 0, 0, 0]]], 'roc_auc_micro': [0.6210217755443886, 0.6210217755443886], 'roc_auc_macro': [0.5, 0.5]}
[3,   100] loss: 0.093, time: 304.84 seconds
[3,   200] loss: 0.184, time: 310.28 seconds
[3,   300] loss: 0.276, time: 316.10 seconds
[3,   400] loss: 0.365, time: 321.96 seconds
[3,   500] loss: 0.452, time: 327.37 seconds
[3,   600] loss: 0.538, time: 332.99 seconds
[3,   700] loss: 0.626, time: 338.36 seconds
[3,   800] loss: 0.721, time: 344.09 seconds
[3,   900] loss: 0.813, time: 349.29 seconds
[3,  1000] loss: 0.906, time: 354.60 seconds
[3,  1100] loss: 0.999, time: 359.97 seconds
[3,  1200] loss: 1.090, time: 365.21 seconds
[3,  1300] loss: 1.175, time: 370.54 seconds
Epoch time 75.92
{'train_loss': [2555.941516339779, 2526.4499656558037, 2520.9705938100815], 'accuracy': [0.3503230437903805, 0.3503230437903805, 0.3503230437903805], 'recall': [0.3503230437903805, 0.3503230437903805, 0.3503230437903805], 'precision': [0.12272623501055685, 0.12272623501055685, 0.12272623501055685], 'f1': [0.18177314765518943, 0.18177314765518943, 0.18177314765518943], 'r2': [-1.0751933343217646, -1.0751933343217646, -1.0751933343217646], 'confusion_matrix': [[[488, 0, 0, 0, 0, 0, 0], [170, 0, 0, 0, 0, 0, 0], [160, 0, 0, 0, 0, 0, 0], [158, 0, 0, 0, 0, 0, 0], [152, 0, 0, 0, 0, 0, 0], [144, 0, 0, 0, 0, 0, 0], [121, 0, 0, 0, 0, 0, 0]], [[488, 0, 0, 0, 0, 0, 0], [170, 0, 0, 0, 0, 0, 0], [160, 0, 0, 0, 0, 0, 0], [158, 0, 0, 0, 0, 0, 0], [152, 0, 0, 0, 0, 0, 0], [144, 0, 0, 0, 0, 0, 0], [121, 0, 0, 0, 0, 0, 0]], [[488, 0, 0, 0, 0, 0, 0], [170, 0, 0, 0, 0, 0, 0], [160, 0, 0, 0, 0, 0, 0], [158, 0, 0, 0, 0, 0, 0], [152, 0, 0, 0, 0, 0, 0], [144, 0, 0, 0, 0, 0, 0], [121, 0, 0, 0, 0, 0, 0]]], 'roc_auc_micro': [0.6210217755443886, 0.6210217755443886, 0.6210217755443886], 'roc_auc_macro': [0.5, 0.5, 0.5]}
[4,   100] loss: 0.091, time: 400.83 seconds
[4,   200] loss: 0.184, time: 406.32 seconds
[4,   300] loss: 0.274, time: 412.46 seconds
[4,   400] loss: 0.360, time: 418.19 seconds
[4,   500] loss: 0.452, time: 423.91 seconds
[4,   600] loss: 0.542, time: 429.64 seconds
[4,   700] loss: 0.632, time: 435.62 seconds
[4,   800] loss: 0.726, time: 441.61 seconds
[4,   900] loss: 0.817, time: 447.21 seconds
[4,  1000] loss: 0.910, time: 453.18 seconds
[4,  1100] loss: 1.000, time: 459.03 seconds
[4,  1200] loss: 1.089, time: 464.49 seconds
[4,  1300] loss: 1.178, time: 470.45 seconds
Epoch time 80.59
{'train_loss': [2555.941516339779, 2526.4499656558037, 2520.9705938100815, 2519.4034494757652], 'accuracy': [0.3503230437903805, 0.3503230437903805, 0.3503230437903805, 0.3503230437903805], 'recall': [0.3503230437903805, 0.3503230437903805, 0.3503230437903805, 0.3503230437903805], 'precision': [0.12272623501055685, 0.12272623501055685, 0.12272623501055685, 0.12272623501055685], 'f1': [0.18177314765518943, 0.18177314765518943, 0.18177314765518943, 0.18177314765518943], 'r2': [-1.0751933343217646, -1.0751933343217646, -1.0751933343217646, -1.0751933343217646], 'confusion_matrix': [[[488, 0, 0, 0, 0, 0, 0], [170, 0, 0, 0, 0, 0, 0], [160, 0, 0, 0, 0, 0, 0], [158, 0, 0, 0, 0, 0, 0], [152, 0, 0, 0, 0, 0, 0], [144, 0, 0, 0, 0, 0, 0], [121, 0, 0, 0, 0, 0, 0]], [[488, 0, 0, 0, 0, 0, 0], [170, 0, 0, 0, 0, 0, 0], [160, 0, 0, 0, 0, 0, 0], [158, 0, 0, 0, 0, 0, 0], [152, 0, 0, 0, 0, 0, 0], [144, 0, 0, 0, 0, 0, 0], [121, 0, 0, 0, 0, 0, 0]], [[488, 0, 0, 0, 0, 0, 0], [170, 0, 0, 0, 0, 0, 0], [160, 0, 0, 0, 0, 0, 0], [158, 0, 0, 0, 0, 0, 0], [152, 0, 0, 0, 0, 0, 0], [144, 0, 0, 0, 0, 0, 0], [121, 0, 0, 0, 0, 0, 0]], [[488, 0, 0, 0, 0, 0, 0], [170, 0, 0, 0, 0, 0, 0], [160, 0, 0, 0, 0, 0, 0], [158, 0, 0, 0, 0, 0, 0], [152, 0, 0, 0, 0, 0, 0], [144, 0, 0, 0, 0, 0, 0], [121, 0, 0, 0, 0, 0, 0]]], 'roc_auc_micro': [0.6210217755443886, 0.6210217755443886, 0.6210217755443886, 0.6210217755443886], 'roc_auc_macro': [0.5, 0.5, 0.5, 0.5]}
[5,   100] loss: 0.090, time: 504.89 seconds
[5,   200] loss: 0.179, time: 510.18 seconds
[5,   300] loss: 0.271, time: 515.47 seconds
[5,   400] loss: 0.360, time: 520.70 seconds
[5,   500] loss: 0.445, time: 526.30 seconds
[5,   600] loss: 0.540, time: 531.49 seconds
[5,   700] loss: 0.633, time: 536.49 seconds
[5,   800] loss: 0.719, time: 541.66 seconds
[5,   900] loss: 0.805, time: 546.96 seconds
[5,  1000] loss: 0.895, time: 552.04 seconds
[5,  1100] loss: 0.987, time: 557.62 seconds
[5,  1200] loss: 1.075, time: 562.55 seconds
[5,  1300] loss: 1.171, time: 567.80 seconds
Epoch time 73.03
{'train_loss': [2555.941516339779, 2526.4499656558037, 2520.9705938100815, 2519.4034494757652, 2507.155843794346], 'accuracy': [0.3503230437903805, 0.3503230437903805, 0.3503230437903805, 0.3503230437903805, 0.34386216798277097], 'recall': [0.3503230437903805, 0.3503230437903805, 0.3503230437903805, 0.3503230437903805, 0.34386216798277097], 'precision': [0.12272623501055685, 0.12272623501055685, 0.12272623501055685, 0.12272623501055685, 0.1519873996190274], 'f1': [0.18177314765518943, 0.18177314765518943, 0.18177314765518943, 0.18177314765518943, 0.21047125738583028], 'r2': [-1.0751933343217646, -1.0751933343217646, -1.0751933343217646, -1.0751933343217646, -0.953510048474054], 'confusion_matrix': [[[488, 0, 0, 0, 0, 0, 0], [170, 0, 0, 0, 0, 0, 0], [160, 0, 0, 0, 0, 0, 0], [158, 0, 0, 0, 0, 0, 0], [152, 0, 0, 0, 0, 0, 0], [144, 0, 0, 0, 0, 0, 0], [121, 0, 0, 0, 0, 0, 0]], [[488, 0, 0, 0, 0, 0, 0], [170, 0, 0, 0, 0, 0, 0], [160, 0, 0, 0, 0, 0, 0], [158, 0, 0, 0, 0, 0, 0], [152, 0, 0, 0, 0, 0, 0], [144, 0, 0, 0, 0, 0, 0], [121, 0, 0, 0, 0, 0, 0]], [[488, 0, 0, 0, 0, 0, 0], [170, 0, 0, 0, 0, 0, 0], [160, 0, 0, 0, 0, 0, 0], [158, 0, 0, 0, 0, 0, 0], [152, 0, 0, 0, 0, 0, 0], [144, 0, 0, 0, 0, 0, 0], [121, 0, 0, 0, 0, 0, 0]], [[488, 0, 0, 0, 0, 0, 0], [170, 0, 0, 0, 0, 0, 0], [160, 0, 0, 0, 0, 0, 0], [158, 0, 0, 0, 0, 0, 0], [152, 0, 0, 0, 0, 0, 0], [144, 0, 0, 0, 0, 0, 0], [121, 0, 0, 0, 0, 0, 0]], [[433, 0, 0, 0, 0, 55, 0], [129, 0, 0, 0, 0, 41, 0], [130, 0, 0, 0, 0, 30, 0], [143, 0, 0, 0, 0, 15, 0], [114, 0, 0, 0, 0, 38, 0], [98, 0, 0, 0, 0, 46, 0], [90, 0, 0, 0, 0, 31, 0]]], 'roc_auc_micro': [0.6210217755443886, 0.6210217755443886, 0.6210217755443886, 0.6210217755443886, 0.6172529313232831], 'roc_auc_macro': [0.5, 0.5, 0.5, 0.5, 0.5186217475942418]}
[6,   100] loss: 0.092, time: 599.24 seconds
[6,   200] loss: 0.179, time: 604.05 seconds
[6,   300] loss: 0.270, time: 609.06 seconds
[6,   400] loss: 0.353, time: 614.06 seconds
[6,   500] loss: 0.434, time: 619.25 seconds
[6,   600] loss: 0.527, time: 624.20 seconds
[6,   700] loss: 0.617, time: 629.31 seconds
[6,   800] loss: 0.705, time: 634.24 seconds
[6,   900] loss: 0.791, time: 639.35 seconds
[6,  1000] loss: 0.881, time: 644.53 seconds
[6,  1100] loss: 0.969, time: 649.56 seconds
[6,  1200] loss: 1.058, time: 654.64 seconds
[6,  1300] loss: 1.143, time: 660.14 seconds
Epoch time 71.01
{'train_loss': [2555.941516339779, 2526.4499656558037, 2520.9705938100815, 2519.4034494757652, 2507.155843794346, 2447.1129048466682], 'accuracy': [0.3503230437903805, 0.3503230437903805, 0.3503230437903805, 0.3503230437903805, 0.34386216798277097, 0.3704235463029433], 'recall': [0.3503230437903805, 0.3503230437903805, 0.3503230437903805, 0.3503230437903805, 0.34386216798277097, 0.3704235463029433], 'precision': [0.12272623501055685, 0.12272623501055685, 0.12272623501055685, 0.12272623501055685, 0.1519873996190274, 0.43646805455850685], 'f1': [0.18177314765518943, 0.18177314765518943, 0.18177314765518943, 0.18177314765518943, 0.21047125738583028, 0.22803764191339906], 'r2': [-1.0751933343217646, -1.0751933343217646, -1.0751933343217646, -1.0751933343217646, -0.953510048474054, -1.0288221362014207], 'confusion_matrix': [[[488, 0, 0, 0, 0, 0, 0], [170, 0, 0, 0, 0, 0, 0], [160, 0, 0, 0, 0, 0, 0], [158, 0, 0, 0, 0, 0, 0], [152, 0, 0, 0, 0, 0, 0], [144, 0, 0, 0, 0, 0, 0], [121, 0, 0, 0, 0, 0, 0]], [[488, 0, 0, 0, 0, 0, 0], [170, 0, 0, 0, 0, 0, 0], [160, 0, 0, 0, 0, 0, 0], [158, 0, 0, 0, 0, 0, 0], [152, 0, 0, 0, 0, 0, 0], [144, 0, 0, 0, 0, 0, 0], [121, 0, 0, 0, 0, 0, 0]], [[488, 0, 0, 0, 0, 0, 0], [170, 0, 0, 0, 0, 0, 0], [160, 0, 0, 0, 0, 0, 0], [158, 0, 0, 0, 0, 0, 0], [152, 0, 0, 0, 0, 0, 0], [144, 0, 0, 0, 0, 0, 0], [121, 0, 0, 0, 0, 0, 0]], [[488, 0, 0, 0, 0, 0, 0], [170, 0, 0, 0, 0, 0, 0], [160, 0, 0, 0, 0, 0, 0], [158, 0, 0, 0, 0, 0, 0], [152, 0, 0, 0, 0, 0, 0], [144, 0, 0, 0, 0, 0, 0], [121, 0, 0, 0, 0, 0, 0]], [[433, 0, 0, 0, 0, 55, 0], [129, 0, 0, 0, 0, 41, 0], [130, 0, 0, 0, 0, 30, 0], [143, 0, 0, 0, 0, 15, 0], [114, 0, 0, 0, 0, 38, 0], [98, 0, 0, 0, 0, 46, 0], [90, 0, 0, 0, 0, 31, 0]], [[483, 4, 1, 0, 0, 0, 0], [154, 16, 0, 0, 0, 0, 0], [146, 0, 8, 6, 0, 0, 0], [152, 0, 2, 4, 0, 0, 0], [152, 0, 0, 0, 0, 0, 0], [135, 4, 0, 0, 0, 5, 0], [120, 1, 0, 0, 0, 0, 0]]], 'roc_auc_micro': [0.6210217755443886, 0.6210217755443886, 0.6210217755443886, 0.6210217755443886, 0.6172529313232831, 0.6327470686767169], 'roc_auc_macro': [0.5, 0.5, 0.5, 0.5, 0.5186217475942418, 0.5164349149719217]}
[7,   100] loss: 0.089, time: 690.74 seconds
[7,   200] loss: 0.174, time: 696.02 seconds
[7,   300] loss: 0.252, time: 701.15 seconds
[7,   400] loss: 0.335, time: 706.17 seconds
[7,   500] loss: 0.417, time: 711.23 seconds
[7,   600] loss: 0.502, time: 716.65 seconds
[7,   700] loss: 0.585, time: 722.03 seconds
[7,   800] loss: 0.668, time: 727.21 seconds
[7,   900] loss: 0.747, time: 732.28 seconds
[7,  1000] loss: 0.832, time: 737.30 seconds
[7,  1100] loss: 0.912, time: 742.74 seconds
[7,  1200] loss: 0.996, time: 747.79 seconds
[7,  1300] loss: 1.076, time: 752.93 seconds
Epoch time 72.09
{'train_loss': [2555.941516339779, 2526.4499656558037, 2520.9705938100815, 2519.4034494757652, 2507.155843794346, 2447.1129048466682, 2291.686818487942], 'accuracy': [0.3503230437903805, 0.3503230437903805, 0.3503230437903805, 0.3503230437903805, 0.34386216798277097, 0.3704235463029433, 0.4106245513280689], 'recall': [0.3503230437903805, 0.3503230437903805, 0.3503230437903805, 0.3503230437903805, 0.34386216798277097, 0.3704235463029433, 0.4106245513280689], 'precision': [0.12272623501055685, 0.12272623501055685, 0.12272623501055685, 0.12272623501055685, 0.1519873996190274, 0.43646805455850685, 0.4310903275904407], 'f1': [0.18177314765518943, 0.18177314765518943, 0.18177314765518943, 0.18177314765518943, 0.21047125738583028, 0.22803764191339906, 0.3118542039697216], 'r2': [-1.0751933343217646, -1.0751933343217646, -1.0751933343217646, -1.0751933343217646, -0.953510048474054, -1.0288221362014207, -0.8472838286664581], 'confusion_matrix': [[[488, 0, 0, 0, 0, 0, 0], [170, 0, 0, 0, 0, 0, 0], [160, 0, 0, 0, 0, 0, 0], [158, 0, 0, 0, 0, 0, 0], [152, 0, 0, 0, 0, 0, 0], [144, 0, 0, 0, 0, 0, 0], [121, 0, 0, 0, 0, 0, 0]], [[488, 0, 0, 0, 0, 0, 0], [170, 0, 0, 0, 0, 0, 0], [160, 0, 0, 0, 0, 0, 0], [158, 0, 0, 0, 0, 0, 0], [152, 0, 0, 0, 0, 0, 0], [144, 0, 0, 0, 0, 0, 0], [121, 0, 0, 0, 0, 0, 0]], [[488, 0, 0, 0, 0, 0, 0], [170, 0, 0, 0, 0, 0, 0], [160, 0, 0, 0, 0, 0, 0], [158, 0, 0, 0, 0, 0, 0], [152, 0, 0, 0, 0, 0, 0], [144, 0, 0, 0, 0, 0, 0], [121, 0, 0, 0, 0, 0, 0]], [[488, 0, 0, 0, 0, 0, 0], [170, 0, 0, 0, 0, 0, 0], [160, 0, 0, 0, 0, 0, 0], [158, 0, 0, 0, 0, 0, 0], [152, 0, 0, 0, 0, 0, 0], [144, 0, 0, 0, 0, 0, 0], [121, 0, 0, 0, 0, 0, 0]], [[433, 0, 0, 0, 0, 55, 0], [129, 0, 0, 0, 0, 41, 0], [130, 0, 0, 0, 0, 30, 0], [143, 0, 0, 0, 0, 15, 0], [114, 0, 0, 0, 0, 38, 0], [98, 0, 0, 0, 0, 46, 0], [90, 0, 0, 0, 0, 31, 0]], [[483, 4, 1, 0, 0, 0, 0], [154, 16, 0, 0, 0, 0, 0], [146, 0, 8, 6, 0, 0, 0], [152, 0, 2, 4, 0, 0, 0], [152, 0, 0, 0, 0, 0, 0], [135, 4, 0, 0, 0, 5, 0], [120, 1, 0, 0, 0, 0, 0]], [[456, 7, 10, 0, 0, 15, 0], [119, 32, 3, 0, 0, 16, 0], [117, 1, 42, 0, 0, 0, 0], [127, 0, 20, 11, 0, 0, 0], [137, 1, 0, 0, 0, 14, 0], [109, 4, 0, 0, 0, 31, 0], [103, 3, 0, 0, 0, 15, 0]]], 'roc_auc_micro': [0.6210217755443886, 0.6210217755443886, 0.6210217755443886, 0.6210217755443886, 0.6172529313232831, 0.6327470686767169, 0.6561976549413735], 'roc_auc_macro': [0.5, 0.5, 0.5, 0.5, 0.5186217475942418, 0.5164349149719217, 0.5568167298752805]}
[8,   100] loss: 0.076, time: 784.92 seconds
[8,   200] loss: 0.149, time: 790.37 seconds
[8,   300] loss: 0.228, time: 795.84 seconds
[8,   400] loss: 0.298, time: 800.97 seconds
[8,   500] loss: 0.375, time: 806.82 seconds
[8,   600] loss: 0.450, time: 812.18 seconds
[8,   700] loss: 0.531, time: 817.53 seconds
[8,   800] loss: 0.609, time: 822.97 seconds
[8,   900] loss: 0.686, time: 828.20 seconds
[8,  1000] loss: 0.766, time: 833.21 seconds
[8,  1100] loss: 0.835, time: 838.26 seconds
[8,  1200] loss: 0.915, time: 843.28 seconds
[8,  1300] loss: 0.988, time: 847.94 seconds
Epoch time 73.36
{'train_loss': [2555.941516339779, 2526.4499656558037, 2520.9705938100815, 2519.4034494757652, 2507.155843794346, 2447.1129048466682, 2291.686818487942, 2128.9382144729607], 'accuracy': [0.3503230437903805, 0.3503230437903805, 0.3503230437903805, 0.3503230437903805, 0.34386216798277097, 0.3704235463029433, 0.4106245513280689, 0.46733668341708545], 'recall': [0.3503230437903805, 0.3503230437903805, 0.3503230437903805, 0.3503230437903805, 0.34386216798277097, 0.3704235463029433, 0.4106245513280689, 0.46733668341708545], 'precision': [0.12272623501055685, 0.12272623501055685, 0.12272623501055685, 0.12272623501055685, 0.1519873996190274, 0.43646805455850685, 0.4310903275904407, 0.5197404202834134], 'f1': [0.18177314765518943, 0.18177314765518943, 0.18177314765518943, 0.18177314765518943, 0.21047125738583028, 0.22803764191339906, 0.3118542039697216, 0.43136482610377336], 'r2': [-1.0751933343217646, -1.0751933343217646, -1.0751933343217646, -1.0751933343217646, -0.953510048474054, -1.0288221362014207, -0.8472838286664581, -0.3102330022088604], 'confusion_matrix': [[[488, 0, 0, 0, 0, 0, 0], [170, 0, 0, 0, 0, 0, 0], [160, 0, 0, 0, 0, 0, 0], [158, 0, 0, 0, 0, 0, 0], [152, 0, 0, 0, 0, 0, 0], [144, 0, 0, 0, 0, 0, 0], [121, 0, 0, 0, 0, 0, 0]], [[488, 0, 0, 0, 0, 0, 0], [170, 0, 0, 0, 0, 0, 0], [160, 0, 0, 0, 0, 0, 0], [158, 0, 0, 0, 0, 0, 0], [152, 0, 0, 0, 0, 0, 0], [144, 0, 0, 0, 0, 0, 0], [121, 0, 0, 0, 0, 0, 0]], [[488, 0, 0, 0, 0, 0, 0], [170, 0, 0, 0, 0, 0, 0], [160, 0, 0, 0, 0, 0, 0], [158, 0, 0, 0, 0, 0, 0], [152, 0, 0, 0, 0, 0, 0], [144, 0, 0, 0, 0, 0, 0], [121, 0, 0, 0, 0, 0, 0]], [[488, 0, 0, 0, 0, 0, 0], [170, 0, 0, 0, 0, 0, 0], [160, 0, 0, 0, 0, 0, 0], [158, 0, 0, 0, 0, 0, 0], [152, 0, 0, 0, 0, 0, 0], [144, 0, 0, 0, 0, 0, 0], [121, 0, 0, 0, 0, 0, 0]], [[433, 0, 0, 0, 0, 55, 0], [129, 0, 0, 0, 0, 41, 0], [130, 0, 0, 0, 0, 30, 0], [143, 0, 0, 0, 0, 15, 0], [114, 0, 0, 0, 0, 38, 0], [98, 0, 0, 0, 0, 46, 0], [90, 0, 0, 0, 0, 31, 0]], [[483, 4, 1, 0, 0, 0, 0], [154, 16, 0, 0, 0, 0, 0], [146, 0, 8, 6, 0, 0, 0], [152, 0, 2, 4, 0, 0, 0], [152, 0, 0, 0, 0, 0, 0], [135, 4, 0, 0, 0, 5, 0], [120, 1, 0, 0, 0, 0, 0]], [[456, 7, 10, 0, 0, 15, 0], [119, 32, 3, 0, 0, 16, 0], [117, 1, 42, 0, 0, 0, 0], [127, 0, 20, 11, 0, 0, 0], [137, 1, 0, 0, 0, 14, 0], [109, 4, 0, 0, 0, 31, 0], [103, 3, 0, 0, 0, 15, 0]], [[363, 32, 12, 10, 60, 7, 4], [64, 98, 1, 0, 5, 1, 1], [108, 3, 41, 7, 0, 1, 0], [99, 0, 9, 46, 4, 0, 0], [65, 8, 1, 1, 75, 2, 0], [55, 4, 1, 0, 60, 23, 1], [50, 16, 0, 0, 45, 5, 5]]], 'roc_auc_micro': [0.6210217755443886, 0.6210217755443886, 0.6210217755443886, 0.6210217755443886, 0.6172529313232831, 0.6327470686767169, 0.6561976549413735, 0.6892797319932998], 'roc_auc_macro': [0.5, 0.5, 0.5, 0.5, 0.5186217475942418, 0.5164349149719217, 0.5568167298752805, 0.6308282877469397]}
[9,   100] loss: 0.066, time: 880.04 seconds
[9,   200] loss: 0.133, time: 885.92 seconds
[9,   300] loss: 0.207, time: 891.72 seconds
[9,   400] loss: 0.282, time: 897.58 seconds
[9,   500] loss: 0.352, time: 903.32 seconds
[9,   600] loss: 0.423, time: 909.01 seconds
[9,   700] loss: 0.497, time: 914.72 seconds
[9,   800] loss: 0.573, time: 920.04 seconds
[9,   900] loss: 0.636, time: 925.66 seconds
[9,  1000] loss: 0.702, time: 931.34 seconds
[9,  1100] loss: 0.770, time: 936.44 seconds
[9,  1200] loss: 0.835, time: 942.04 seconds
[9,  1300] loss: 0.914, time: 947.30 seconds
Epoch time 77.62
{'train_loss': [2555.941516339779, 2526.4499656558037, 2520.9705938100815, 2519.4034494757652, 2507.155843794346, 2447.1129048466682, 2291.686818487942, 2128.9382144729607, 1959.3380911332788], 'accuracy': [0.3503230437903805, 0.3503230437903805, 0.3503230437903805, 0.3503230437903805, 0.34386216798277097, 0.3704235463029433, 0.4106245513280689, 0.46733668341708545, 0.5190236898779612], 'recall': [0.3503230437903805, 0.3503230437903805, 0.3503230437903805, 0.3503230437903805, 0.34386216798277097, 0.3704235463029433, 0.4106245513280689, 0.46733668341708545, 0.5190236898779612], 'precision': [0.12272623501055685, 0.12272623501055685, 0.12272623501055685, 0.12272623501055685, 0.1519873996190274, 0.43646805455850685, 0.4310903275904407, 0.5197404202834134, 0.585759541158659], 'f1': [0.18177314765518943, 0.18177314765518943, 0.18177314765518943, 0.18177314765518943, 0.21047125738583028, 0.22803764191339906, 0.3118542039697216, 0.43136482610377336, 0.47852813088686214], 'r2': [-1.0751933343217646, -1.0751933343217646, -1.0751933343217646, -1.0751933343217646, -0.953510048474054, -1.0288221362014207, -0.8472838286664581, -0.3102330022088604, -0.4450712378779449], 'confusion_matrix': [[[488, 0, 0, 0, 0, 0, 0], [170, 0, 0, 0, 0, 0, 0], [160, 0, 0, 0, 0, 0, 0], [158, 0, 0, 0, 0, 0, 0], [152, 0, 0, 0, 0, 0, 0], [144, 0, 0, 0, 0, 0, 0], [121, 0, 0, 0, 0, 0, 0]], [[488, 0, 0, 0, 0, 0, 0], [170, 0, 0, 0, 0, 0, 0], [160, 0, 0, 0, 0, 0, 0], [158, 0, 0, 0, 0, 0, 0], [152, 0, 0, 0, 0, 0, 0], [144, 0, 0, 0, 0, 0, 0], [121, 0, 0, 0, 0, 0, 0]], [[488, 0, 0, 0, 0, 0, 0], [170, 0, 0, 0, 0, 0, 0], [160, 0, 0, 0, 0, 0, 0], [158, 0, 0, 0, 0, 0, 0], [152, 0, 0, 0, 0, 0, 0], [144, 0, 0, 0, 0, 0, 0], [121, 0, 0, 0, 0, 0, 0]], [[488, 0, 0, 0, 0, 0, 0], [170, 0, 0, 0, 0, 0, 0], [160, 0, 0, 0, 0, 0, 0], [158, 0, 0, 0, 0, 0, 0], [152, 0, 0, 0, 0, 0, 0], [144, 0, 0, 0, 0, 0, 0], [121, 0, 0, 0, 0, 0, 0]], [[433, 0, 0, 0, 0, 55, 0], [129, 0, 0, 0, 0, 41, 0], [130, 0, 0, 0, 0, 30, 0], [143, 0, 0, 0, 0, 15, 0], [114, 0, 0, 0, 0, 38, 0], [98, 0, 0, 0, 0, 46, 0], [90, 0, 0, 0, 0, 31, 0]], [[483, 4, 1, 0, 0, 0, 0], [154, 16, 0, 0, 0, 0, 0], [146, 0, 8, 6, 0, 0, 0], [152, 0, 2, 4, 0, 0, 0], [152, 0, 0, 0, 0, 0, 0], [135, 4, 0, 0, 0, 5, 0], [120, 1, 0, 0, 0, 0, 0]], [[456, 7, 10, 0, 0, 15, 0], [119, 32, 3, 0, 0, 16, 0], [117, 1, 42, 0, 0, 0, 0], [127, 0, 20, 11, 0, 0, 0], [137, 1, 0, 0, 0, 14, 0], [109, 4, 0, 0, 0, 31, 0], [103, 3, 0, 0, 0, 15, 0]], [[363, 32, 12, 10, 60, 7, 4], [64, 98, 1, 0, 5, 1, 1], [108, 3, 41, 7, 0, 1, 0], [99, 0, 9, 46, 4, 0, 0], [65, 8, 1, 1, 75, 2, 0], [55, 4, 1, 0, 60, 23, 1], [50, 16, 0, 0, 45, 5, 5]], [[437, 10, 0, 21, 9, 9, 2], [83, 79, 0, 0, 0, 3, 5], [76, 1, 44, 38, 0, 1, 0], [83, 0, 4, 71, 0, 0, 0], [104, 5, 0, 3, 35, 5, 0], [76, 3, 0, 3, 14, 48, 0], [80, 6, 0, 0, 14, 12, 9]]], 'roc_auc_micro': [0.6210217755443886, 0.6210217755443886, 0.6210217755443886, 0.6210217755443886, 0.6172529313232831, 0.6327470686767169, 0.6561976549413735, 0.6892797319932998, 0.7194304857621441], 'roc_auc_macro': [0.5, 0.5, 0.5, 0.5, 0.5186217475942418, 0.5164349149719217, 0.5568167298752805, 0.6308282877469397, 0.6451565025969863]}
[10,   100] loss: 0.061, time: 979.73 seconds
[10,   200] loss: 0.130, time: 985.52 seconds
[10,   300] loss: 0.190, time: 990.57 seconds
[10,   400] loss: 0.253, time: 995.67 seconds
[10,   500] loss: 0.312, time: 1000.85 seconds
[10,   600] loss: 0.381, time: 1005.98 seconds
[10,   700] loss: 0.454, time: 1010.91 seconds
[10,   800] loss: 0.521, time: 1015.74 seconds
[10,   900] loss: 0.585, time: 1020.65 seconds
[10,  1000] loss: 0.650, time: 1025.55 seconds
[10,  1100] loss: 0.714, time: 1030.55 seconds
[10,  1200] loss: 0.775, time: 1035.13 seconds
[10,  1300] loss: 0.840, time: 1039.82 seconds
Epoch time 69.56
{'train_loss': [2555.941516339779, 2526.4499656558037, 2520.9705938100815, 2519.4034494757652, 2507.155843794346, 2447.1129048466682, 2291.686818487942, 2128.9382144729607, 1959.3380911332788, 1806.842727104202], 'accuracy': [0.3503230437903805, 0.3503230437903805, 0.3503230437903805, 0.3503230437903805, 0.34386216798277097, 0.3704235463029433, 0.4106245513280689, 0.46733668341708545, 0.5190236898779612, 0.5348169418521177], 'recall': [0.3503230437903805, 0.3503230437903805, 0.3503230437903805, 0.3503230437903805, 0.34386216798277097, 0.3704235463029433, 0.4106245513280689, 0.46733668341708545, 0.5190236898779612, 0.5348169418521177], 'precision': [0.12272623501055685, 0.12272623501055685, 0.12272623501055685, 0.12272623501055685, 0.1519873996190274, 0.43646805455850685, 0.4310903275904407, 0.5197404202834134, 0.585759541158659, 0.5773449204976017], 'f1': [0.18177314765518943, 0.18177314765518943, 0.18177314765518943, 0.18177314765518943, 0.21047125738583028, 0.22803764191339906, 0.3118542039697216, 0.43136482610377336, 0.47852813088686214, 0.4883981996118986], 'r2': [-1.0751933343217646, -1.0751933343217646, -1.0751933343217646, -1.0751933343217646, -0.953510048474054, -1.0288221362014207, -0.8472838286664581, -0.3102330022088604, -0.4450712378779449, -0.4412891898042999], 'confusion_matrix': [[[488, 0, 0, 0, 0, 0, 0], [170, 0, 0, 0, 0, 0, 0], [160, 0, 0, 0, 0, 0, 0], [158, 0, 0, 0, 0, 0, 0], [152, 0, 0, 0, 0, 0, 0], [144, 0, 0, 0, 0, 0, 0], [121, 0, 0, 0, 0, 0, 0]], [[488, 0, 0, 0, 0, 0, 0], [170, 0, 0, 0, 0, 0, 0], [160, 0, 0, 0, 0, 0, 0], [158, 0, 0, 0, 0, 0, 0], [152, 0, 0, 0, 0, 0, 0], [144, 0, 0, 0, 0, 0, 0], [121, 0, 0, 0, 0, 0, 0]], [[488, 0, 0, 0, 0, 0, 0], [170, 0, 0, 0, 0, 0, 0], [160, 0, 0, 0, 0, 0, 0], [158, 0, 0, 0, 0, 0, 0], [152, 0, 0, 0, 0, 0, 0], [144, 0, 0, 0, 0, 0, 0], [121, 0, 0, 0, 0, 0, 0]], [[488, 0, 0, 0, 0, 0, 0], [170, 0, 0, 0, 0, 0, 0], [160, 0, 0, 0, 0, 0, 0], [158, 0, 0, 0, 0, 0, 0], [152, 0, 0, 0, 0, 0, 0], [144, 0, 0, 0, 0, 0, 0], [121, 0, 0, 0, 0, 0, 0]], [[433, 0, 0, 0, 0, 55, 0], [129, 0, 0, 0, 0, 41, 0], [130, 0, 0, 0, 0, 30, 0], [143, 0, 0, 0, 0, 15, 0], [114, 0, 0, 0, 0, 38, 0], [98, 0, 0, 0, 0, 46, 0], [90, 0, 0, 0, 0, 31, 0]], [[483, 4, 1, 0, 0, 0, 0], [154, 16, 0, 0, 0, 0, 0], [146, 0, 8, 6, 0, 0, 0], [152, 0, 2, 4, 0, 0, 0], [152, 0, 0, 0, 0, 0, 0], [135, 4, 0, 0, 0, 5, 0], [120, 1, 0, 0, 0, 0, 0]], [[456, 7, 10, 0, 0, 15, 0], [119, 32, 3, 0, 0, 16, 0], [117, 1, 42, 0, 0, 0, 0], [127, 0, 20, 11, 0, 0, 0], [137, 1, 0, 0, 0, 14, 0], [109, 4, 0, 0, 0, 31, 0], [103, 3, 0, 0, 0, 15, 0]], [[363, 32, 12, 10, 60, 7, 4], [64, 98, 1, 0, 5, 1, 1], [108, 3, 41, 7, 0, 1, 0], [99, 0, 9, 46, 4, 0, 0], [65, 8, 1, 1, 75, 2, 0], [55, 4, 1, 0, 60, 23, 1], [50, 16, 0, 0, 45, 5, 5]], [[437, 10, 0, 21, 9, 9, 2], [83, 79, 0, 0, 0, 3, 5], [76, 1, 44, 38, 0, 1, 0], [83, 0, 4, 71, 0, 0, 0], [104, 5, 0, 3, 35, 5, 0], [76, 3, 0, 3, 14, 48, 0], [80, 6, 0, 0, 14, 12, 9]], [[427, 10, 29, 18, 3, 1, 0], [73, 88, 3, 6, 0, 0, 0], [43, 0, 74, 43, 0, 0, 0], [52, 0, 12, 94, 0, 0, 0], [105, 2, 5, 3, 33, 4, 0], [78, 5, 9, 2, 21, 20, 9], [97, 7, 2, 3, 2, 1, 9]]], 'roc_auc_micro': [0.6210217755443886, 0.6210217755443886, 0.6210217755443886, 0.6210217755443886, 0.6172529313232831, 0.6327470686767169, 0.6561976549413735, 0.6892797319932998, 0.7194304857621441, 0.7286432160804021], 'roc_auc_macro': [0.5, 0.5, 0.5, 0.5, 0.5186217475942418, 0.5164349149719217, 0.5568167298752805, 0.6308282877469397, 0.6451565025969863, 0.6588275627646542]}
[11,   100] loss: 0.058, time: 1068.69 seconds
[11,   200] loss: 0.119, time: 1073.72 seconds
[11,   300] loss: 0.181, time: 1078.41 seconds
[11,   400] loss: 0.234, time: 1083.24 seconds
[11,   500] loss: 0.287, time: 1088.12 seconds
[11,   600] loss: 0.350, time: 1093.16 seconds
[11,   700] loss: 0.413, time: 1098.41 seconds
[11,   800] loss: 0.473, time: 1104.16 seconds
[11,   900] loss: 0.536, time: 1110.01 seconds
[11,  1000] loss: 0.591, time: 1115.19 seconds
[11,  1100] loss: 0.646, time: 1120.97 seconds
[11,  1200] loss: 0.704, time: 1126.75 seconds
[11,  1300] loss: 0.762, time: 1132.59 seconds
Epoch time 74.46
{'train_loss': [2555.941516339779, 2526.4499656558037, 2520.9705938100815, 2519.4034494757652, 2507.155843794346, 2447.1129048466682, 2291.686818487942, 2128.9382144729607, 1959.3380911332788, 1806.842727104202, 1635.8758068319003], 'accuracy': [0.3503230437903805, 0.3503230437903805, 0.3503230437903805, 0.3503230437903805, 0.34386216798277097, 0.3704235463029433, 0.4106245513280689, 0.46733668341708545, 0.5190236898779612, 0.5348169418521177, 0.6030150753768844], 'recall': [0.3503230437903805, 0.3503230437903805, 0.3503230437903805, 0.3503230437903805, 0.34386216798277097, 0.3704235463029433, 0.4106245513280689, 0.46733668341708545, 0.5190236898779612, 0.5348169418521177, 0.6030150753768844], 'precision': [0.12272623501055685, 0.12272623501055685, 0.12272623501055685, 0.12272623501055685, 0.1519873996190274, 0.43646805455850685, 0.4310903275904407, 0.5197404202834134, 0.585759541158659, 0.5773449204976017, 0.5983919515948414], 'f1': [0.18177314765518943, 0.18177314765518943, 0.18177314765518943, 0.18177314765518943, 0.21047125738583028, 0.22803764191339906, 0.3118542039697216, 0.43136482610377336, 0.47852813088686214, 0.4883981996118986, 0.5693425154263659], 'r2': [-1.0751933343217646, -1.0751933343217646, -1.0751933343217646, -1.0751933343217646, -0.953510048474054, -1.0288221362014207, -0.8472838286664581, -0.3102330022088604, -0.4450712378779449, -0.4412891898042999, -0.20614446174723788], 'confusion_matrix': [[[488, 0, 0, 0, 0, 0, 0], [170, 0, 0, 0, 0, 0, 0], [160, 0, 0, 0, 0, 0, 0], [158, 0, 0, 0, 0, 0, 0], [152, 0, 0, 0, 0, 0, 0], [144, 0, 0, 0, 0, 0, 0], [121, 0, 0, 0, 0, 0, 0]], [[488, 0, 0, 0, 0, 0, 0], [170, 0, 0, 0, 0, 0, 0], [160, 0, 0, 0, 0, 0, 0], [158, 0, 0, 0, 0, 0, 0], [152, 0, 0, 0, 0, 0, 0], [144, 0, 0, 0, 0, 0, 0], [121, 0, 0, 0, 0, 0, 0]], [[488, 0, 0, 0, 0, 0, 0], [170, 0, 0, 0, 0, 0, 0], [160, 0, 0, 0, 0, 0, 0], [158, 0, 0, 0, 0, 0, 0], [152, 0, 0, 0, 0, 0, 0], [144, 0, 0, 0, 0, 0, 0], [121, 0, 0, 0, 0, 0, 0]], [[488, 0, 0, 0, 0, 0, 0], [170, 0, 0, 0, 0, 0, 0], [160, 0, 0, 0, 0, 0, 0], [158, 0, 0, 0, 0, 0, 0], [152, 0, 0, 0, 0, 0, 0], [144, 0, 0, 0, 0, 0, 0], [121, 0, 0, 0, 0, 0, 0]], [[433, 0, 0, 0, 0, 55, 0], [129, 0, 0, 0, 0, 41, 0], [130, 0, 0, 0, 0, 30, 0], [143, 0, 0, 0, 0, 15, 0], [114, 0, 0, 0, 0, 38, 0], [98, 0, 0, 0, 0, 46, 0], [90, 0, 0, 0, 0, 31, 0]], [[483, 4, 1, 0, 0, 0, 0], [154, 16, 0, 0, 0, 0, 0], [146, 0, 8, 6, 0, 0, 0], [152, 0, 2, 4, 0, 0, 0], [152, 0, 0, 0, 0, 0, 0], [135, 4, 0, 0, 0, 5, 0], [120, 1, 0, 0, 0, 0, 0]], [[456, 7, 10, 0, 0, 15, 0], [119, 32, 3, 0, 0, 16, 0], [117, 1, 42, 0, 0, 0, 0], [127, 0, 20, 11, 0, 0, 0], [137, 1, 0, 0, 0, 14, 0], [109, 4, 0, 0, 0, 31, 0], [103, 3, 0, 0, 0, 15, 0]], [[363, 32, 12, 10, 60, 7, 4], [64, 98, 1, 0, 5, 1, 1], [108, 3, 41, 7, 0, 1, 0], [99, 0, 9, 46, 4, 0, 0], [65, 8, 1, 1, 75, 2, 0], [55, 4, 1, 0, 60, 23, 1], [50, 16, 0, 0, 45, 5, 5]], [[437, 10, 0, 21, 9, 9, 2], [83, 79, 0, 0, 0, 3, 5], [76, 1, 44, 38, 0, 1, 0], [83, 0, 4, 71, 0, 0, 0], [104, 5, 0, 3, 35, 5, 0], [76, 3, 0, 3, 14, 48, 0], [80, 6, 0, 0, 14, 12, 9]], [[427, 10, 29, 18, 3, 1, 0], [73, 88, 3, 6, 0, 0, 0], [43, 0, 74, 43, 0, 0, 0], [52, 0, 12, 94, 0, 0, 0], [105, 2, 5, 3, 33, 4, 0], [78, 5, 9, 2, 21, 20, 9], [97, 7, 2, 3, 2, 1, 9]], [[379, 31, 11, 28, 27, 12, 0], [20, 142, 2, 1, 3, 2, 0], [13, 1, 116, 27, 2, 1, 0], [24, 0, 28, 102, 3, 1, 0], [67, 13, 0, 4, 52, 15, 1], [60, 14, 0, 4, 21, 43, 2], [61, 23, 0, 3, 14, 14, 6]]], 'roc_auc_micro': [0.6210217755443886, 0.6210217755443886, 0.6210217755443886, 0.6210217755443886, 0.6172529313232831, 0.6327470686767169, 0.6561976549413735, 0.6892797319932998, 0.7194304857621441, 0.7286432160804021, 0.768425460636516], 'roc_auc_macro': [0.5, 0.5, 0.5, 0.5, 0.5186217475942418, 0.5164349149719217, 0.5568167298752805, 0.6308282877469397, 0.6451565025969863, 0.6588275627646542, 0.7251959342159141]}
[12,   100] loss: 0.054, time: 1164.87 seconds
[12,   200] loss: 0.099, time: 1170.22 seconds
[12,   300] loss: 0.148, time: 1175.35 seconds
[12,   400] loss: 0.200, time: 1180.62 seconds
[12,   500] loss: 0.250, time: 1186.13 seconds
[12,   600] loss: 0.300, time: 1191.57 seconds
[12,   700] loss: 0.359, time: 1197.07 seconds
[12,   800] loss: 0.418, time: 1202.18 seconds
[12,   900] loss: 0.472, time: 1207.41 seconds
[12,  1000] loss: 0.529, time: 1213.12 seconds
[12,  1100] loss: 0.579, time: 1218.32 seconds
[12,  1200] loss: 0.631, time: 1223.61 seconds
[12,  1300] loss: 0.688, time: 1228.77 seconds
Epoch time 74.40
{'train_loss': [2555.941516339779, 2526.4499656558037, 2520.9705938100815, 2519.4034494757652, 2507.155843794346, 2447.1129048466682, 2291.686818487942, 2128.9382144729607, 1959.3380911332788, 1806.842727104202, 1635.8758068319003, 1484.0743783140279], 'accuracy': [0.3503230437903805, 0.3503230437903805, 0.3503230437903805, 0.3503230437903805, 0.34386216798277097, 0.3704235463029433, 0.4106245513280689, 0.46733668341708545, 0.5190236898779612, 0.5348169418521177, 0.6030150753768844, 0.6683417085427136], 'recall': [0.3503230437903805, 0.3503230437903805, 0.3503230437903805, 0.3503230437903805, 0.34386216798277097, 0.3704235463029433, 0.4106245513280689, 0.46733668341708545, 0.5190236898779612, 0.5348169418521177, 0.6030150753768844, 0.6683417085427136], 'precision': [0.12272623501055685, 0.12272623501055685, 0.12272623501055685, 0.12272623501055685, 0.1519873996190274, 0.43646805455850685, 0.4310903275904407, 0.5197404202834134, 0.585759541158659, 0.5773449204976017, 0.5983919515948414, 0.6721595649386868], 'f1': [0.18177314765518943, 0.18177314765518943, 0.18177314765518943, 0.18177314765518943, 0.21047125738583028, 0.22803764191339906, 0.3118542039697216, 0.43136482610377336, 0.47852813088686214, 0.4883981996118986, 0.5693425154263659, 0.6549896153539106], 'r2': [-1.0751933343217646, -1.0751933343217646, -1.0751933343217646, -1.0751933343217646, -0.953510048474054, -1.0288221362014207, -0.8472838286664581, -0.3102330022088604, -0.4450712378779449, -0.4412891898042999, -0.20614446174723788, 0.2105385738447868], 'confusion_matrix': [[[488, 0, 0, 0, 0, 0, 0], [170, 0, 0, 0, 0, 0, 0], [160, 0, 0, 0, 0, 0, 0], [158, 0, 0, 0, 0, 0, 0], [152, 0, 0, 0, 0, 0, 0], [144, 0, 0, 0, 0, 0, 0], [121, 0, 0, 0, 0, 0, 0]], [[488, 0, 0, 0, 0, 0, 0], [170, 0, 0, 0, 0, 0, 0], [160, 0, 0, 0, 0, 0, 0], [158, 0, 0, 0, 0, 0, 0], [152, 0, 0, 0, 0, 0, 0], [144, 0, 0, 0, 0, 0, 0], [121, 0, 0, 0, 0, 0, 0]], [[488, 0, 0, 0, 0, 0, 0], [170, 0, 0, 0, 0, 0, 0], [160, 0, 0, 0, 0, 0, 0], [158, 0, 0, 0, 0, 0, 0], [152, 0, 0, 0, 0, 0, 0], [144, 0, 0, 0, 0, 0, 0], [121, 0, 0, 0, 0, 0, 0]], [[488, 0, 0, 0, 0, 0, 0], [170, 0, 0, 0, 0, 0, 0], [160, 0, 0, 0, 0, 0, 0], [158, 0, 0, 0, 0, 0, 0], [152, 0, 0, 0, 0, 0, 0], [144, 0, 0, 0, 0, 0, 0], [121, 0, 0, 0, 0, 0, 0]], [[433, 0, 0, 0, 0, 55, 0], [129, 0, 0, 0, 0, 41, 0], [130, 0, 0, 0, 0, 30, 0], [143, 0, 0, 0, 0, 15, 0], [114, 0, 0, 0, 0, 38, 0], [98, 0, 0, 0, 0, 46, 0], [90, 0, 0, 0, 0, 31, 0]], [[483, 4, 1, 0, 0, 0, 0], [154, 16, 0, 0, 0, 0, 0], [146, 0, 8, 6, 0, 0, 0], [152, 0, 2, 4, 0, 0, 0], [152, 0, 0, 0, 0, 0, 0], [135, 4, 0, 0, 0, 5, 0], [120, 1, 0, 0, 0, 0, 0]], [[456, 7, 10, 0, 0, 15, 0], [119, 32, 3, 0, 0, 16, 0], [117, 1, 42, 0, 0, 0, 0], [127, 0, 20, 11, 0, 0, 0], [137, 1, 0, 0, 0, 14, 0], [109, 4, 0, 0, 0, 31, 0], [103, 3, 0, 0, 0, 15, 0]], [[363, 32, 12, 10, 60, 7, 4], [64, 98, 1, 0, 5, 1, 1], [108, 3, 41, 7, 0, 1, 0], [99, 0, 9, 46, 4, 0, 0], [65, 8, 1, 1, 75, 2, 0], [55, 4, 1, 0, 60, 23, 1], [50, 16, 0, 0, 45, 5, 5]], [[437, 10, 0, 21, 9, 9, 2], [83, 79, 0, 0, 0, 3, 5], [76, 1, 44, 38, 0, 1, 0], [83, 0, 4, 71, 0, 0, 0], [104, 5, 0, 3, 35, 5, 0], [76, 3, 0, 3, 14, 48, 0], [80, 6, 0, 0, 14, 12, 9]], [[427, 10, 29, 18, 3, 1, 0], [73, 88, 3, 6, 0, 0, 0], [43, 0, 74, 43, 0, 0, 0], [52, 0, 12, 94, 0, 0, 0], [105, 2, 5, 3, 33, 4, 0], [78, 5, 9, 2, 21, 20, 9], [97, 7, 2, 3, 2, 1, 9]], [[379, 31, 11, 28, 27, 12, 0], [20, 142, 2, 1, 3, 2, 0], [13, 1, 116, 27, 2, 1, 0], [24, 0, 28, 102, 3, 1, 0], [67, 13, 0, 4, 52, 15, 1], [60, 14, 0, 4, 21, 43, 2], [61, 23, 0, 3, 14, 14, 6]], [[368, 36, 30, 19, 11, 20, 4], [11, 146, 1, 1, 1, 7, 3], [12, 1, 121, 25, 0, 1, 0], [16, 0, 28, 113, 1, 0, 0], [38, 14, 3, 0, 69, 27, 1], [16, 9, 2, 0, 25, 89, 3], [34, 20, 1, 1, 10, 30, 25]]], 'roc_auc_micro': [0.6210217755443886, 0.6210217755443886, 0.6210217755443886, 0.6210217755443886, 0.6172529313232831, 0.6327470686767169, 0.6561976549413735, 0.6892797319932998, 0.7194304857621441, 0.7286432160804021, 0.768425460636516, 0.806532663316583], 'roc_auc_macro': [0.5, 0.5, 0.5, 0.5, 0.5186217475942418, 0.5164349149719217, 0.5568167298752805, 0.6308282877469397, 0.6451565025969863, 0.6588275627646542, 0.7251959342159141, 0.7822776575332838]}
[13,   100] loss: 0.048, time: 1259.39 seconds
[13,   200] loss: 0.092, time: 1264.76 seconds
[13,   300] loss: 0.142, time: 1270.13 seconds
[13,   400] loss: 0.182, time: 1275.22 seconds
[13,   500] loss: 0.229, time: 1280.62 seconds
[13,   600] loss: 0.277, time: 1286.15 seconds
[13,   700] loss: 0.321, time: 1291.51 seconds
[13,   800] loss: 0.368, time: 1297.03 seconds
[13,   900] loss: 0.415, time: 1302.33 seconds
[13,  1000] loss: 0.457, time: 1307.66 seconds
[13,  1100] loss: 0.506, time: 1313.38 seconds
[13,  1200] loss: 0.563, time: 1318.47 seconds
[13,  1300] loss: 0.606, time: 1323.68 seconds
Epoch time 74.87
{'train_loss': [2555.941516339779, 2526.4499656558037, 2520.9705938100815, 2519.4034494757652, 2507.155843794346, 2447.1129048466682, 2291.686818487942, 2128.9382144729607, 1959.3380911332788, 1806.842727104202, 1635.8758068319003, 1484.0743783140279, 1297.694212751183], 'accuracy': [0.3503230437903805, 0.3503230437903805, 0.3503230437903805, 0.3503230437903805, 0.34386216798277097, 0.3704235463029433, 0.4106245513280689, 0.46733668341708545, 0.5190236898779612, 0.5348169418521177, 0.6030150753768844, 0.6683417085427136, 0.6389088298636038], 'recall': [0.3503230437903805, 0.3503230437903805, 0.3503230437903805, 0.3503230437903805, 0.34386216798277097, 0.3704235463029433, 0.4106245513280689, 0.46733668341708545, 0.5190236898779612, 0.5348169418521177, 0.6030150753768844, 0.6683417085427136, 0.6389088298636038], 'precision': [0.12272623501055685, 0.12272623501055685, 0.12272623501055685, 0.12272623501055685, 0.1519873996190274, 0.43646805455850685, 0.4310903275904407, 0.5197404202834134, 0.585759541158659, 0.5773449204976017, 0.5983919515948414, 0.6721595649386868, 0.6577629078000343], 'f1': [0.18177314765518943, 0.18177314765518943, 0.18177314765518943, 0.18177314765518943, 0.21047125738583028, 0.22803764191339906, 0.3118542039697216, 0.43136482610377336, 0.47852813088686214, 0.4883981996118986, 0.5693425154263659, 0.6549896153539106, 0.6368651205888112], 'r2': [-1.0751933343217646, -1.0751933343217646, -1.0751933343217646, -1.0751933343217646, -0.953510048474054, -1.0288221362014207, -0.8472838286664581, -0.3102330022088604, -0.4450712378779449, -0.4412891898042999, -0.20614446174723788, 0.2105385738447868, 0.05185699162446167], 'confusion_matrix': [[[488, 0, 0, 0, 0, 0, 0], [170, 0, 0, 0, 0, 0, 0], [160, 0, 0, 0, 0, 0, 0], [158, 0, 0, 0, 0, 0, 0], [152, 0, 0, 0, 0, 0, 0], [144, 0, 0, 0, 0, 0, 0], [121, 0, 0, 0, 0, 0, 0]], [[488, 0, 0, 0, 0, 0, 0], [170, 0, 0, 0, 0, 0, 0], [160, 0, 0, 0, 0, 0, 0], [158, 0, 0, 0, 0, 0, 0], [152, 0, 0, 0, 0, 0, 0], [144, 0, 0, 0, 0, 0, 0], [121, 0, 0, 0, 0, 0, 0]], [[488, 0, 0, 0, 0, 0, 0], [170, 0, 0, 0, 0, 0, 0], [160, 0, 0, 0, 0, 0, 0], [158, 0, 0, 0, 0, 0, 0], [152, 0, 0, 0, 0, 0, 0], [144, 0, 0, 0, 0, 0, 0], [121, 0, 0, 0, 0, 0, 0]], [[488, 0, 0, 0, 0, 0, 0], [170, 0, 0, 0, 0, 0, 0], [160, 0, 0, 0, 0, 0, 0], [158, 0, 0, 0, 0, 0, 0], [152, 0, 0, 0, 0, 0, 0], [144, 0, 0, 0, 0, 0, 0], [121, 0, 0, 0, 0, 0, 0]], [[433, 0, 0, 0, 0, 55, 0], [129, 0, 0, 0, 0, 41, 0], [130, 0, 0, 0, 0, 30, 0], [143, 0, 0, 0, 0, 15, 0], [114, 0, 0, 0, 0, 38, 0], [98, 0, 0, 0, 0, 46, 0], [90, 0, 0, 0, 0, 31, 0]], [[483, 4, 1, 0, 0, 0, 0], [154, 16, 0, 0, 0, 0, 0], [146, 0, 8, 6, 0, 0, 0], [152, 0, 2, 4, 0, 0, 0], [152, 0, 0, 0, 0, 0, 0], [135, 4, 0, 0, 0, 5, 0], [120, 1, 0, 0, 0, 0, 0]], [[456, 7, 10, 0, 0, 15, 0], [119, 32, 3, 0, 0, 16, 0], [117, 1, 42, 0, 0, 0, 0], [127, 0, 20, 11, 0, 0, 0], [137, 1, 0, 0, 0, 14, 0], [109, 4, 0, 0, 0, 31, 0], [103, 3, 0, 0, 0, 15, 0]], [[363, 32, 12, 10, 60, 7, 4], [64, 98, 1, 0, 5, 1, 1], [108, 3, 41, 7, 0, 1, 0], [99, 0, 9, 46, 4, 0, 0], [65, 8, 1, 1, 75, 2, 0], [55, 4, 1, 0, 60, 23, 1], [50, 16, 0, 0, 45, 5, 5]], [[437, 10, 0, 21, 9, 9, 2], [83, 79, 0, 0, 0, 3, 5], [76, 1, 44, 38, 0, 1, 0], [83, 0, 4, 71, 0, 0, 0], [104, 5, 0, 3, 35, 5, 0], [76, 3, 0, 3, 14, 48, 0], [80, 6, 0, 0, 14, 12, 9]], [[427, 10, 29, 18, 3, 1, 0], [73, 88, 3, 6, 0, 0, 0], [43, 0, 74, 43, 0, 0, 0], [52, 0, 12, 94, 0, 0, 0], [105, 2, 5, 3, 33, 4, 0], [78, 5, 9, 2, 21, 20, 9], [97, 7, 2, 3, 2, 1, 9]], [[379, 31, 11, 28, 27, 12, 0], [20, 142, 2, 1, 3, 2, 0], [13, 1, 116, 27, 2, 1, 0], [24, 0, 28, 102, 3, 1, 0], [67, 13, 0, 4, 52, 15, 1], [60, 14, 0, 4, 21, 43, 2], [61, 23, 0, 3, 14, 14, 6]], [[368, 36, 30, 19, 11, 20, 4], [11, 146, 1, 1, 1, 7, 3], [12, 1, 121, 25, 0, 1, 0], [16, 0, 28, 113, 1, 0, 0], [38, 14, 3, 0, 69, 27, 1], [16, 9, 2, 0, 25, 89, 3], [34, 20, 1, 1, 10, 30, 25]], [[335, 39, 2, 30, 12, 40, 30], [8, 151, 1, 1, 0, 4, 5], [33, 1, 83, 33, 0, 10, 0], [28, 1, 15, 105, 1, 7, 1], [23, 8, 0, 6, 64, 36, 15], [20, 8, 0, 2, 9, 95, 10], [24, 12, 0, 0, 7, 21, 57]]], 'roc_auc_micro': [0.6210217755443886, 0.6210217755443886, 0.6210217755443886, 0.6210217755443886, 0.6172529313232831, 0.6327470686767169, 0.6561976549413735, 0.6892797319932998, 0.7194304857621441, 0.7286432160804021, 0.768425460636516, 0.806532663316583, 0.7893634840871022], 'roc_auc_macro': [0.5, 0.5, 0.5, 0.5, 0.5186217475942418, 0.5164349149719217, 0.5568167298752805, 0.6308282877469397, 0.6451565025969863, 0.6588275627646542, 0.7251959342159141, 0.7822776575332838, 0.7760338622974757]}
[14,   100] loss: 0.038, time: 1354.33 seconds
[14,   200] loss: 0.076, time: 1359.61 seconds
[14,   300] loss: 0.117, time: 1365.04 seconds
[14,   400] loss: 0.152, time: 1370.84 seconds
[14,   500] loss: 0.203, time: 1376.95 seconds
[14,   600] loss: 0.237, time: 1382.77 seconds
[14,   700] loss: 0.282, time: 1388.16 seconds
[14,   800] loss: 0.334, time: 1393.79 seconds
[14,   900] loss: 0.371, time: 1399.13 seconds
[14,  1000] loss: 0.415, time: 1404.84 seconds
[14,  1100] loss: 0.457, time: 1410.24 seconds
[14,  1200] loss: 0.501, time: 1415.90 seconds
[14,  1300] loss: 0.544, time: 1421.40 seconds
Epoch time 77.08
{'train_loss': [2555.941516339779, 2526.4499656558037, 2520.9705938100815, 2519.4034494757652, 2507.155843794346, 2447.1129048466682, 2291.686818487942, 2128.9382144729607, 1959.3380911332788, 1806.842727104202, 1635.8758068319003, 1484.0743783140279, 1297.694212751183, 1172.6197006217835], 'accuracy': [0.3503230437903805, 0.3503230437903805, 0.3503230437903805, 0.3503230437903805, 0.34386216798277097, 0.3704235463029433, 0.4106245513280689, 0.46733668341708545, 0.5190236898779612, 0.5348169418521177, 0.6030150753768844, 0.6683417085427136, 0.6389088298636038, 0.7444364680545585], 'recall': [0.3503230437903805, 0.3503230437903805, 0.3503230437903805, 0.3503230437903805, 0.34386216798277097, 0.3704235463029433, 0.4106245513280689, 0.46733668341708545, 0.5190236898779612, 0.5348169418521177, 0.6030150753768844, 0.6683417085427136, 0.6389088298636038, 0.7444364680545585], 'precision': [0.12272623501055685, 0.12272623501055685, 0.12272623501055685, 0.12272623501055685, 0.1519873996190274, 0.43646805455850685, 0.4310903275904407, 0.5197404202834134, 0.585759541158659, 0.5773449204976017, 0.5983919515948414, 0.6721595649386868, 0.6577629078000343, 0.7551649893779537], 'f1': [0.18177314765518943, 0.18177314765518943, 0.18177314765518943, 0.18177314765518943, 0.21047125738583028, 0.22803764191339906, 0.3118542039697216, 0.43136482610377336, 0.47852813088686214, 0.4883981996118986, 0.5693425154263659, 0.6549896153539106, 0.6368651205888112, 0.7356203480052569], 'r2': [-1.0751933343217646, -1.0751933343217646, -1.0751933343217646, -1.0751933343217646, -0.953510048474054, -1.0288221362014207, -0.8472838286664581, -0.3102330022088604, -0.4450712378779449, -0.4412891898042999, -0.20614446174723788, 0.2105385738447868, 0.05185699162446167, 0.246221375235264], 'confusion_matrix': [[[488, 0, 0, 0, 0, 0, 0], [170, 0, 0, 0, 0, 0, 0], [160, 0, 0, 0, 0, 0, 0], [158, 0, 0, 0, 0, 0, 0], [152, 0, 0, 0, 0, 0, 0], [144, 0, 0, 0, 0, 0, 0], [121, 0, 0, 0, 0, 0, 0]], [[488, 0, 0, 0, 0, 0, 0], [170, 0, 0, 0, 0, 0, 0], [160, 0, 0, 0, 0, 0, 0], [158, 0, 0, 0, 0, 0, 0], [152, 0, 0, 0, 0, 0, 0], [144, 0, 0, 0, 0, 0, 0], [121, 0, 0, 0, 0, 0, 0]], [[488, 0, 0, 0, 0, 0, 0], [170, 0, 0, 0, 0, 0, 0], [160, 0, 0, 0, 0, 0, 0], [158, 0, 0, 0, 0, 0, 0], [152, 0, 0, 0, 0, 0, 0], [144, 0, 0, 0, 0, 0, 0], [121, 0, 0, 0, 0, 0, 0]], [[488, 0, 0, 0, 0, 0, 0], [170, 0, 0, 0, 0, 0, 0], [160, 0, 0, 0, 0, 0, 0], [158, 0, 0, 0, 0, 0, 0], [152, 0, 0, 0, 0, 0, 0], [144, 0, 0, 0, 0, 0, 0], [121, 0, 0, 0, 0, 0, 0]], [[433, 0, 0, 0, 0, 55, 0], [129, 0, 0, 0, 0, 41, 0], [130, 0, 0, 0, 0, 30, 0], [143, 0, 0, 0, 0, 15, 0], [114, 0, 0, 0, 0, 38, 0], [98, 0, 0, 0, 0, 46, 0], [90, 0, 0, 0, 0, 31, 0]], [[483, 4, 1, 0, 0, 0, 0], [154, 16, 0, 0, 0, 0, 0], [146, 0, 8, 6, 0, 0, 0], [152, 0, 2, 4, 0, 0, 0], [152, 0, 0, 0, 0, 0, 0], [135, 4, 0, 0, 0, 5, 0], [120, 1, 0, 0, 0, 0, 0]], [[456, 7, 10, 0, 0, 15, 0], [119, 32, 3, 0, 0, 16, 0], [117, 1, 42, 0, 0, 0, 0], [127, 0, 20, 11, 0, 0, 0], [137, 1, 0, 0, 0, 14, 0], [109, 4, 0, 0, 0, 31, 0], [103, 3, 0, 0, 0, 15, 0]], [[363, 32, 12, 10, 60, 7, 4], [64, 98, 1, 0, 5, 1, 1], [108, 3, 41, 7, 0, 1, 0], [99, 0, 9, 46, 4, 0, 0], [65, 8, 1, 1, 75, 2, 0], [55, 4, 1, 0, 60, 23, 1], [50, 16, 0, 0, 45, 5, 5]], [[437, 10, 0, 21, 9, 9, 2], [83, 79, 0, 0, 0, 3, 5], [76, 1, 44, 38, 0, 1, 0], [83, 0, 4, 71, 0, 0, 0], [104, 5, 0, 3, 35, 5, 0], [76, 3, 0, 3, 14, 48, 0], [80, 6, 0, 0, 14, 12, 9]], [[427, 10, 29, 18, 3, 1, 0], [73, 88, 3, 6, 0, 0, 0], [43, 0, 74, 43, 0, 0, 0], [52, 0, 12, 94, 0, 0, 0], [105, 2, 5, 3, 33, 4, 0], [78, 5, 9, 2, 21, 20, 9], [97, 7, 2, 3, 2, 1, 9]], [[379, 31, 11, 28, 27, 12, 0], [20, 142, 2, 1, 3, 2, 0], [13, 1, 116, 27, 2, 1, 0], [24, 0, 28, 102, 3, 1, 0], [67, 13, 0, 4, 52, 15, 1], [60, 14, 0, 4, 21, 43, 2], [61, 23, 0, 3, 14, 14, 6]], [[368, 36, 30, 19, 11, 20, 4], [11, 146, 1, 1, 1, 7, 3], [12, 1, 121, 25, 0, 1, 0], [16, 0, 28, 113, 1, 0, 0], [38, 14, 3, 0, 69, 27, 1], [16, 9, 2, 0, 25, 89, 3], [34, 20, 1, 1, 10, 30, 25]], [[335, 39, 2, 30, 12, 40, 30], [8, 151, 1, 1, 0, 4, 5], [33, 1, 83, 33, 0, 10, 0], [28, 1, 15, 105, 1, 7, 1], [23, 8, 0, 6, 64, 36, 15], [20, 8, 0, 2, 9, 95, 10], [24, 12, 0, 0, 7, 21, 57]], [[454, 8, 3, 9, 6, 2, 6], [14, 148, 0, 1, 0, 3, 4], [29, 0, 111, 19, 0, 1, 0], [39, 0, 20, 99, 0, 0, 0], [44, 4, 0, 1, 83, 16, 4], [36, 0, 0, 0, 15, 90, 3], [45, 4, 0, 0, 3, 17, 52]]], 'roc_auc_micro': [0.6210217755443886, 0.6210217755443886, 0.6210217755443886, 0.6210217755443886, 0.6172529313232831, 0.6327470686767169, 0.6561976549413735, 0.6892797319932998, 0.7194304857621441, 0.7286432160804021, 0.768425460636516, 0.806532663316583, 0.7893634840871022, 0.8509212730318259], 'roc_auc_macro': [0.5, 0.5, 0.5, 0.5, 0.5186217475942418, 0.5164349149719217, 0.5568167298752805, 0.6308282877469397, 0.6451565025969863, 0.6588275627646542, 0.7251959342159141, 0.7822776575332838, 0.7760338622974757, 0.8123833588698]}
[15,   100] loss: 0.035, time: 1451.81 seconds
[15,   200] loss: 0.073, time: 1457.35 seconds
[15,   300] loss: 0.116, time: 1462.88 seconds
[15,   400] loss: 0.156, time: 1468.22 seconds
[15,   500] loss: 0.188, time: 1473.71 seconds
[15,   600] loss: 0.240, time: 1479.22 seconds
[15,   700] loss: 0.278, time: 1484.58 seconds
[15,   800] loss: 0.318, time: 1489.97 seconds
[15,   900] loss: 0.354, time: 1495.40 seconds
[15,  1000] loss: 0.390, time: 1500.94 seconds
[15,  1100] loss: 0.426, time: 1506.36 seconds
[15,  1200] loss: 0.460, time: 1511.84 seconds
[15,  1300] loss: 0.498, time: 1517.45 seconds
Epoch time 75.83
{'train_loss': [2555.941516339779, 2526.4499656558037, 2520.9705938100815, 2519.4034494757652, 2507.155843794346, 2447.1129048466682, 2291.686818487942, 2128.9382144729607, 1959.3380911332788, 1806.842727104202, 1635.8758068319003, 1484.0743783140279, 1297.694212751183, 1172.6197006217835, 1057.1435722010774], 'accuracy': [0.3503230437903805, 0.3503230437903805, 0.3503230437903805, 0.3503230437903805, 0.34386216798277097, 0.3704235463029433, 0.4106245513280689, 0.46733668341708545, 0.5190236898779612, 0.5348169418521177, 0.6030150753768844, 0.6683417085427136, 0.6389088298636038, 0.7444364680545585, 0.7753050969131371], 'recall': [0.3503230437903805, 0.3503230437903805, 0.3503230437903805, 0.3503230437903805, 0.34386216798277097, 0.3704235463029433, 0.4106245513280689, 0.46733668341708545, 0.5190236898779612, 0.5348169418521177, 0.6030150753768844, 0.6683417085427136, 0.6389088298636038, 0.7444364680545585, 0.7753050969131371], 'precision': [0.12272623501055685, 0.12272623501055685, 0.12272623501055685, 0.12272623501055685, 0.1519873996190274, 0.43646805455850685, 0.4310903275904407, 0.5197404202834134, 0.585759541158659, 0.5773449204976017, 0.5983919515948414, 0.6721595649386868, 0.6577629078000343, 0.7551649893779537, 0.7851939206470617], 'f1': [0.18177314765518943, 0.18177314765518943, 0.18177314765518943, 0.18177314765518943, 0.21047125738583028, 0.22803764191339906, 0.3118542039697216, 0.43136482610377336, 0.47852813088686214, 0.4883981996118986, 0.5693425154263659, 0.6549896153539106, 0.6368651205888112, 0.7356203480052569, 0.7698446197854325], 'r2': [-1.0751933343217646, -1.0751933343217646, -1.0751933343217646, -1.0751933343217646, -0.953510048474054, -1.0288221362014207, -0.8472838286664581, -0.3102330022088604, -0.4450712378779449, -0.4412891898042999, -0.20614446174723788, 0.2105385738447868, 0.05185699162446167, 0.246221375235264, 0.3050897756859131], 'confusion_matrix': [[[488, 0, 0, 0, 0, 0, 0], [170, 0, 0, 0, 0, 0, 0], [160, 0, 0, 0, 0, 0, 0], [158, 0, 0, 0, 0, 0, 0], [152, 0, 0, 0, 0, 0, 0], [144, 0, 0, 0, 0, 0, 0], [121, 0, 0, 0, 0, 0, 0]], [[488, 0, 0, 0, 0, 0, 0], [170, 0, 0, 0, 0, 0, 0], [160, 0, 0, 0, 0, 0, 0], [158, 0, 0, 0, 0, 0, 0], [152, 0, 0, 0, 0, 0, 0], [144, 0, 0, 0, 0, 0, 0], [121, 0, 0, 0, 0, 0, 0]], [[488, 0, 0, 0, 0, 0, 0], [170, 0, 0, 0, 0, 0, 0], [160, 0, 0, 0, 0, 0, 0], [158, 0, 0, 0, 0, 0, 0], [152, 0, 0, 0, 0, 0, 0], [144, 0, 0, 0, 0, 0, 0], [121, 0, 0, 0, 0, 0, 0]], [[488, 0, 0, 0, 0, 0, 0], [170, 0, 0, 0, 0, 0, 0], [160, 0, 0, 0, 0, 0, 0], [158, 0, 0, 0, 0, 0, 0], [152, 0, 0, 0, 0, 0, 0], [144, 0, 0, 0, 0, 0, 0], [121, 0, 0, 0, 0, 0, 0]], [[433, 0, 0, 0, 0, 55, 0], [129, 0, 0, 0, 0, 41, 0], [130, 0, 0, 0, 0, 30, 0], [143, 0, 0, 0, 0, 15, 0], [114, 0, 0, 0, 0, 38, 0], [98, 0, 0, 0, 0, 46, 0], [90, 0, 0, 0, 0, 31, 0]], [[483, 4, 1, 0, 0, 0, 0], [154, 16, 0, 0, 0, 0, 0], [146, 0, 8, 6, 0, 0, 0], [152, 0, 2, 4, 0, 0, 0], [152, 0, 0, 0, 0, 0, 0], [135, 4, 0, 0, 0, 5, 0], [120, 1, 0, 0, 0, 0, 0]], [[456, 7, 10, 0, 0, 15, 0], [119, 32, 3, 0, 0, 16, 0], [117, 1, 42, 0, 0, 0, 0], [127, 0, 20, 11, 0, 0, 0], [137, 1, 0, 0, 0, 14, 0], [109, 4, 0, 0, 0, 31, 0], [103, 3, 0, 0, 0, 15, 0]], [[363, 32, 12, 10, 60, 7, 4], [64, 98, 1, 0, 5, 1, 1], [108, 3, 41, 7, 0, 1, 0], [99, 0, 9, 46, 4, 0, 0], [65, 8, 1, 1, 75, 2, 0], [55, 4, 1, 0, 60, 23, 1], [50, 16, 0, 0, 45, 5, 5]], [[437, 10, 0, 21, 9, 9, 2], [83, 79, 0, 0, 0, 3, 5], [76, 1, 44, 38, 0, 1, 0], [83, 0, 4, 71, 0, 0, 0], [104, 5, 0, 3, 35, 5, 0], [76, 3, 0, 3, 14, 48, 0], [80, 6, 0, 0, 14, 12, 9]], [[427, 10, 29, 18, 3, 1, 0], [73, 88, 3, 6, 0, 0, 0], [43, 0, 74, 43, 0, 0, 0], [52, 0, 12, 94, 0, 0, 0], [105, 2, 5, 3, 33, 4, 0], [78, 5, 9, 2, 21, 20, 9], [97, 7, 2, 3, 2, 1, 9]], [[379, 31, 11, 28, 27, 12, 0], [20, 142, 2, 1, 3, 2, 0], [13, 1, 116, 27, 2, 1, 0], [24, 0, 28, 102, 3, 1, 0], [67, 13, 0, 4, 52, 15, 1], [60, 14, 0, 4, 21, 43, 2], [61, 23, 0, 3, 14, 14, 6]], [[368, 36, 30, 19, 11, 20, 4], [11, 146, 1, 1, 1, 7, 3], [12, 1, 121, 25, 0, 1, 0], [16, 0, 28, 113, 1, 0, 0], [38, 14, 3, 0, 69, 27, 1], [16, 9, 2, 0, 25, 89, 3], [34, 20, 1, 1, 10, 30, 25]], [[335, 39, 2, 30, 12, 40, 30], [8, 151, 1, 1, 0, 4, 5], [33, 1, 83, 33, 0, 10, 0], [28, 1, 15, 105, 1, 7, 1], [23, 8, 0, 6, 64, 36, 15], [20, 8, 0, 2, 9, 95, 10], [24, 12, 0, 0, 7, 21, 57]], [[454, 8, 3, 9, 6, 2, 6], [14, 148, 0, 1, 0, 3, 4], [29, 0, 111, 19, 0, 1, 0], [39, 0, 20, 99, 0, 0, 0], [44, 4, 0, 1, 83, 16, 4], [36, 0, 0, 0, 15, 90, 3], [45, 4, 0, 0, 3, 17, 52]], [[435, 11, 10, 1, 10, 9, 12], [13, 154, 0, 0, 0, 0, 3], [19, 0, 139, 0, 0, 2, 0], [37, 0, 23, 95, 1, 2, 0], [38, 3, 0, 0, 95, 11, 5], [17, 5, 0, 0, 15, 99, 8], [37, 10, 0, 0, 5, 6, 63]]], 'roc_auc_micro': [0.6210217755443886, 0.6210217755443886, 0.6210217755443886, 0.6210217755443886, 0.6172529313232831, 0.6327470686767169, 0.6561976549413735, 0.6892797319932998, 0.7194304857621441, 0.7286432160804021, 0.768425460636516, 0.806532663316583, 0.7893634840871022, 0.8509212730318259, 0.8689279731993299], 'roc_auc_macro': [0.5, 0.5, 0.5, 0.5, 0.5186217475942418, 0.5164349149719217, 0.5568167298752805, 0.6308282877469397, 0.6451565025969863, 0.6588275627646542, 0.7251959342159141, 0.7822776575332838, 0.7760338622974757, 0.8123833588698, 0.8428753345657292]}
[16,   100] loss: 0.037, time: 1548.61 seconds
[16,   200] loss: 0.080, time: 1553.90 seconds
[16,   300] loss: 0.114, time: 1559.68 seconds
[16,   400] loss: 0.145, time: 1565.01 seconds
[16,   500] loss: 0.182, time: 1570.60 seconds
[16,   600] loss: 0.209, time: 1576.18 seconds
[16,   700] loss: 0.240, time: 1581.94 seconds
[16,   800] loss: 0.269, time: 1587.62 seconds
[16,   900] loss: 0.303, time: 1593.14 seconds
[16,  1000] loss: 0.331, time: 1598.73 seconds
[16,  1100] loss: 0.366, time: 1604.34 seconds
[16,  1200] loss: 0.408, time: 1609.77 seconds
[16,  1300] loss: 0.445, time: 1615.31 seconds
Epoch time 78.38
{'train_loss': [2555.941516339779, 2526.4499656558037, 2520.9705938100815, 2519.4034494757652, 2507.155843794346, 2447.1129048466682, 2291.686818487942, 2128.9382144729607, 1959.3380911332788, 1806.842727104202, 1635.8758068319003, 1484.0743783140279, 1297.694212751183, 1172.6197006217835, 1057.1435722010774, 958.128696989808], 'accuracy': [0.3503230437903805, 0.3503230437903805, 0.3503230437903805, 0.3503230437903805, 0.34386216798277097, 0.3704235463029433, 0.4106245513280689, 0.46733668341708545, 0.5190236898779612, 0.5348169418521177, 0.6030150753768844, 0.6683417085427136, 0.6389088298636038, 0.7444364680545585, 0.7753050969131371, 0.7236180904522613], 'recall': [0.3503230437903805, 0.3503230437903805, 0.3503230437903805, 0.3503230437903805, 0.34386216798277097, 0.3704235463029433, 0.4106245513280689, 0.46733668341708545, 0.5190236898779612, 0.5348169418521177, 0.6030150753768844, 0.6683417085427136, 0.6389088298636038, 0.7444364680545585, 0.7753050969131371, 0.7236180904522613], 'precision': [0.12272623501055685, 0.12272623501055685, 0.12272623501055685, 0.12272623501055685, 0.1519873996190274, 0.43646805455850685, 0.4310903275904407, 0.5197404202834134, 0.585759541158659, 0.5773449204976017, 0.5983919515948414, 0.6721595649386868, 0.6577629078000343, 0.7551649893779537, 0.7851939206470617, 0.7482477224985092], 'f1': [0.18177314765518943, 0.18177314765518943, 0.18177314765518943, 0.18177314765518943, 0.21047125738583028, 0.22803764191339906, 0.3118542039697216, 0.43136482610377336, 0.47852813088686214, 0.4883981996118986, 0.5693425154263659, 0.6549896153539106, 0.6368651205888112, 0.7356203480052569, 0.7698446197854325, 0.7191105220188879], 'r2': [-1.0751933343217646, -1.0751933343217646, -1.0751933343217646, -1.0751933343217646, -0.953510048474054, -1.0288221362014207, -0.8472838286664581, -0.3102330022088604, -0.4450712378779449, -0.4412891898042999, -0.20614446174723788, 0.2105385738447868, 0.05185699162446167, 0.246221375235264, 0.3050897756859131, 0.18340648983820274], 'confusion_matrix': [[[488, 0, 0, 0, 0, 0, 0], [170, 0, 0, 0, 0, 0, 0], [160, 0, 0, 0, 0, 0, 0], [158, 0, 0, 0, 0, 0, 0], [152, 0, 0, 0, 0, 0, 0], [144, 0, 0, 0, 0, 0, 0], [121, 0, 0, 0, 0, 0, 0]], [[488, 0, 0, 0, 0, 0, 0], [170, 0, 0, 0, 0, 0, 0], [160, 0, 0, 0, 0, 0, 0], [158, 0, 0, 0, 0, 0, 0], [152, 0, 0, 0, 0, 0, 0], [144, 0, 0, 0, 0, 0, 0], [121, 0, 0, 0, 0, 0, 0]], [[488, 0, 0, 0, 0, 0, 0], [170, 0, 0, 0, 0, 0, 0], [160, 0, 0, 0, 0, 0, 0], [158, 0, 0, 0, 0, 0, 0], [152, 0, 0, 0, 0, 0, 0], [144, 0, 0, 0, 0, 0, 0], [121, 0, 0, 0, 0, 0, 0]], [[488, 0, 0, 0, 0, 0, 0], [170, 0, 0, 0, 0, 0, 0], [160, 0, 0, 0, 0, 0, 0], [158, 0, 0, 0, 0, 0, 0], [152, 0, 0, 0, 0, 0, 0], [144, 0, 0, 0, 0, 0, 0], [121, 0, 0, 0, 0, 0, 0]], [[433, 0, 0, 0, 0, 55, 0], [129, 0, 0, 0, 0, 41, 0], [130, 0, 0, 0, 0, 30, 0], [143, 0, 0, 0, 0, 15, 0], [114, 0, 0, 0, 0, 38, 0], [98, 0, 0, 0, 0, 46, 0], [90, 0, 0, 0, 0, 31, 0]], [[483, 4, 1, 0, 0, 0, 0], [154, 16, 0, 0, 0, 0, 0], [146, 0, 8, 6, 0, 0, 0], [152, 0, 2, 4, 0, 0, 0], [152, 0, 0, 0, 0, 0, 0], [135, 4, 0, 0, 0, 5, 0], [120, 1, 0, 0, 0, 0, 0]], [[456, 7, 10, 0, 0, 15, 0], [119, 32, 3, 0, 0, 16, 0], [117, 1, 42, 0, 0, 0, 0], [127, 0, 20, 11, 0, 0, 0], [137, 1, 0, 0, 0, 14, 0], [109, 4, 0, 0, 0, 31, 0], [103, 3, 0, 0, 0, 15, 0]], [[363, 32, 12, 10, 60, 7, 4], [64, 98, 1, 0, 5, 1, 1], [108, 3, 41, 7, 0, 1, 0], [99, 0, 9, 46, 4, 0, 0], [65, 8, 1, 1, 75, 2, 0], [55, 4, 1, 0, 60, 23, 1], [50, 16, 0, 0, 45, 5, 5]], [[437, 10, 0, 21, 9, 9, 2], [83, 79, 0, 0, 0, 3, 5], [76, 1, 44, 38, 0, 1, 0], [83, 0, 4, 71, 0, 0, 0], [104, 5, 0, 3, 35, 5, 0], [76, 3, 0, 3, 14, 48, 0], [80, 6, 0, 0, 14, 12, 9]], [[427, 10, 29, 18, 3, 1, 0], [73, 88, 3, 6, 0, 0, 0], [43, 0, 74, 43, 0, 0, 0], [52, 0, 12, 94, 0, 0, 0], [105, 2, 5, 3, 33, 4, 0], [78, 5, 9, 2, 21, 20, 9], [97, 7, 2, 3, 2, 1, 9]], [[379, 31, 11, 28, 27, 12, 0], [20, 142, 2, 1, 3, 2, 0], [13, 1, 116, 27, 2, 1, 0], [24, 0, 28, 102, 3, 1, 0], [67, 13, 0, 4, 52, 15, 1], [60, 14, 0, 4, 21, 43, 2], [61, 23, 0, 3, 14, 14, 6]], [[368, 36, 30, 19, 11, 20, 4], [11, 146, 1, 1, 1, 7, 3], [12, 1, 121, 25, 0, 1, 0], [16, 0, 28, 113, 1, 0, 0], [38, 14, 3, 0, 69, 27, 1], [16, 9, 2, 0, 25, 89, 3], [34, 20, 1, 1, 10, 30, 25]], [[335, 39, 2, 30, 12, 40, 30], [8, 151, 1, 1, 0, 4, 5], [33, 1, 83, 33, 0, 10, 0], [28, 1, 15, 105, 1, 7, 1], [23, 8, 0, 6, 64, 36, 15], [20, 8, 0, 2, 9, 95, 10], [24, 12, 0, 0, 7, 21, 57]], [[454, 8, 3, 9, 6, 2, 6], [14, 148, 0, 1, 0, 3, 4], [29, 0, 111, 19, 0, 1, 0], [39, 0, 20, 99, 0, 0, 0], [44, 4, 0, 1, 83, 16, 4], [36, 0, 0, 0, 15, 90, 3], [45, 4, 0, 0, 3, 17, 52]], [[435, 11, 10, 1, 10, 9, 12], [13, 154, 0, 0, 0, 0, 3], [19, 0, 139, 0, 0, 2, 0], [37, 0, 23, 95, 1, 2, 0], [38, 3, 0, 0, 95, 11, 5], [17, 5, 0, 0, 15, 99, 8], [37, 10, 0, 0, 5, 6, 63]], [[406, 6, 5, 2, 25, 41, 3], [4, 141, 0, 1, 3, 16, 5], [7, 0, 145, 2, 0, 6, 0], [14, 2, 24, 104, 4, 10, 0], [22, 6, 0, 1, 78, 43, 2], [11, 8, 0, 1, 18, 104, 2], [40, 11, 0, 1, 13, 26, 30]]], 'roc_auc_micro': [0.6210217755443886, 0.6210217755443886, 0.6210217755443886, 0.6210217755443886, 0.6172529313232831, 0.6327470686767169, 0.6561976549413735, 0.6892797319932998, 0.7194304857621441, 0.7286432160804021, 0.768425460636516, 0.806532663316583, 0.7893634840871022, 0.8509212730318259, 0.8689279731993299, 0.8387772194304858], 'roc_auc_macro': [0.5, 0.5, 0.5, 0.5, 0.5186217475942418, 0.5164349149719217, 0.5568167298752805, 0.6308282877469397, 0.6451565025969863, 0.6588275627646542, 0.7251959342159141, 0.7822776575332838, 0.7760338622974757, 0.8123833588698, 0.8428753345657292, 0.8121437625366322]}
[17,   100] loss: 0.034, time: 1650.65 seconds
[17,   200] loss: 0.068, time: 1656.24 seconds
[17,   300] loss: 0.097, time: 1661.79 seconds
[17,   400] loss: 0.123, time: 1667.30 seconds
[17,   500] loss: 0.164, time: 1672.94 seconds
[17,   600] loss: 0.195, time: 1678.35 seconds
[17,   700] loss: 0.232, time: 1684.33 seconds
[17,   800] loss: 0.268, time: 1689.78 seconds
[17,   900] loss: 0.296, time: 1695.59 seconds
[17,  1000] loss: 0.327, time: 1701.17 seconds
[17,  1100] loss: 0.354, time: 1706.95 seconds
[17,  1200] loss: 0.389, time: 1712.73 seconds
[17,  1300] loss: 0.420, time: 1718.20 seconds
Epoch time 78.44
{'train_loss': [2555.941516339779, 2526.4499656558037, 2520.9705938100815, 2519.4034494757652, 2507.155843794346, 2447.1129048466682, 2291.686818487942, 2128.9382144729607, 1959.3380911332788, 1806.842727104202, 1635.8758068319003, 1484.0743783140279, 1297.694212751183, 1172.6197006217835, 1057.1435722010774, 958.128696989808, 885.4659289432377], 'accuracy': [0.3503230437903805, 0.3503230437903805, 0.3503230437903805, 0.3503230437903805, 0.34386216798277097, 0.3704235463029433, 0.4106245513280689, 0.46733668341708545, 0.5190236898779612, 0.5348169418521177, 0.6030150753768844, 0.6683417085427136, 0.6389088298636038, 0.7444364680545585, 0.7753050969131371, 0.7236180904522613, 0.8334529791816224], 'recall': [0.3503230437903805, 0.3503230437903805, 0.3503230437903805, 0.3503230437903805, 0.34386216798277097, 0.3704235463029433, 0.4106245513280689, 0.46733668341708545, 0.5190236898779612, 0.5348169418521177, 0.6030150753768844, 0.6683417085427136, 0.6389088298636038, 0.7444364680545585, 0.7753050969131371, 0.7236180904522613, 0.8334529791816224], 'precision': [0.12272623501055685, 0.12272623501055685, 0.12272623501055685, 0.12272623501055685, 0.1519873996190274, 0.43646805455850685, 0.4310903275904407, 0.5197404202834134, 0.585759541158659, 0.5773449204976017, 0.5983919515948414, 0.6721595649386868, 0.6577629078000343, 0.7551649893779537, 0.7851939206470617, 0.7482477224985092, 0.8366932067490366], 'f1': [0.18177314765518943, 0.18177314765518943, 0.18177314765518943, 0.18177314765518943, 0.21047125738583028, 0.22803764191339906, 0.3118542039697216, 0.43136482610377336, 0.47852813088686214, 0.4883981996118986, 0.5693425154263659, 0.6549896153539106, 0.6368651205888112, 0.7356203480052569, 0.7698446197854325, 0.7191105220188879, 0.8313707261213594], 'r2': [-1.0751933343217646, -1.0751933343217646, -1.0751933343217646, -1.0751933343217646, -0.953510048474054, -1.0288221362014207, -0.8472838286664581, -0.3102330022088604, -0.4450712378779449, -0.4412891898042999, -0.20614446174723788, 0.2105385738447868, 0.05185699162446167, 0.246221375235264, 0.3050897756859131, 0.18340648983820274, 0.5524028323277462], 'confusion_matrix': [[[488, 0, 0, 0, 0, 0, 0], [170, 0, 0, 0, 0, 0, 0], [160, 0, 0, 0, 0, 0, 0], [158, 0, 0, 0, 0, 0, 0], [152, 0, 0, 0, 0, 0, 0], [144, 0, 0, 0, 0, 0, 0], [121, 0, 0, 0, 0, 0, 0]], [[488, 0, 0, 0, 0, 0, 0], [170, 0, 0, 0, 0, 0, 0], [160, 0, 0, 0, 0, 0, 0], [158, 0, 0, 0, 0, 0, 0], [152, 0, 0, 0, 0, 0, 0], [144, 0, 0, 0, 0, 0, 0], [121, 0, 0, 0, 0, 0, 0]], [[488, 0, 0, 0, 0, 0, 0], [170, 0, 0, 0, 0, 0, 0], [160, 0, 0, 0, 0, 0, 0], [158, 0, 0, 0, 0, 0, 0], [152, 0, 0, 0, 0, 0, 0], [144, 0, 0, 0, 0, 0, 0], [121, 0, 0, 0, 0, 0, 0]], [[488, 0, 0, 0, 0, 0, 0], [170, 0, 0, 0, 0, 0, 0], [160, 0, 0, 0, 0, 0, 0], [158, 0, 0, 0, 0, 0, 0], [152, 0, 0, 0, 0, 0, 0], [144, 0, 0, 0, 0, 0, 0], [121, 0, 0, 0, 0, 0, 0]], [[433, 0, 0, 0, 0, 55, 0], [129, 0, 0, 0, 0, 41, 0], [130, 0, 0, 0, 0, 30, 0], [143, 0, 0, 0, 0, 15, 0], [114, 0, 0, 0, 0, 38, 0], [98, 0, 0, 0, 0, 46, 0], [90, 0, 0, 0, 0, 31, 0]], [[483, 4, 1, 0, 0, 0, 0], [154, 16, 0, 0, 0, 0, 0], [146, 0, 8, 6, 0, 0, 0], [152, 0, 2, 4, 0, 0, 0], [152, 0, 0, 0, 0, 0, 0], [135, 4, 0, 0, 0, 5, 0], [120, 1, 0, 0, 0, 0, 0]], [[456, 7, 10, 0, 0, 15, 0], [119, 32, 3, 0, 0, 16, 0], [117, 1, 42, 0, 0, 0, 0], [127, 0, 20, 11, 0, 0, 0], [137, 1, 0, 0, 0, 14, 0], [109, 4, 0, 0, 0, 31, 0], [103, 3, 0, 0, 0, 15, 0]], [[363, 32, 12, 10, 60, 7, 4], [64, 98, 1, 0, 5, 1, 1], [108, 3, 41, 7, 0, 1, 0], [99, 0, 9, 46, 4, 0, 0], [65, 8, 1, 1, 75, 2, 0], [55, 4, 1, 0, 60, 23, 1], [50, 16, 0, 0, 45, 5, 5]], [[437, 10, 0, 21, 9, 9, 2], [83, 79, 0, 0, 0, 3, 5], [76, 1, 44, 38, 0, 1, 0], [83, 0, 4, 71, 0, 0, 0], [104, 5, 0, 3, 35, 5, 0], [76, 3, 0, 3, 14, 48, 0], [80, 6, 0, 0, 14, 12, 9]], [[427, 10, 29, 18, 3, 1, 0], [73, 88, 3, 6, 0, 0, 0], [43, 0, 74, 43, 0, 0, 0], [52, 0, 12, 94, 0, 0, 0], [105, 2, 5, 3, 33, 4, 0], [78, 5, 9, 2, 21, 20, 9], [97, 7, 2, 3, 2, 1, 9]], [[379, 31, 11, 28, 27, 12, 0], [20, 142, 2, 1, 3, 2, 0], [13, 1, 116, 27, 2, 1, 0], [24, 0, 28, 102, 3, 1, 0], [67, 13, 0, 4, 52, 15, 1], [60, 14, 0, 4, 21, 43, 2], [61, 23, 0, 3, 14, 14, 6]], [[368, 36, 30, 19, 11, 20, 4], [11, 146, 1, 1, 1, 7, 3], [12, 1, 121, 25, 0, 1, 0], [16, 0, 28, 113, 1, 0, 0], [38, 14, 3, 0, 69, 27, 1], [16, 9, 2, 0, 25, 89, 3], [34, 20, 1, 1, 10, 30, 25]], [[335, 39, 2, 30, 12, 40, 30], [8, 151, 1, 1, 0, 4, 5], [33, 1, 83, 33, 0, 10, 0], [28, 1, 15, 105, 1, 7, 1], [23, 8, 0, 6, 64, 36, 15], [20, 8, 0, 2, 9, 95, 10], [24, 12, 0, 0, 7, 21, 57]], [[454, 8, 3, 9, 6, 2, 6], [14, 148, 0, 1, 0, 3, 4], [29, 0, 111, 19, 0, 1, 0], [39, 0, 20, 99, 0, 0, 0], [44, 4, 0, 1, 83, 16, 4], [36, 0, 0, 0, 15, 90, 3], [45, 4, 0, 0, 3, 17, 52]], [[435, 11, 10, 1, 10, 9, 12], [13, 154, 0, 0, 0, 0, 3], [19, 0, 139, 0, 0, 2, 0], [37, 0, 23, 95, 1, 2, 0], [38, 3, 0, 0, 95, 11, 5], [17, 5, 0, 0, 15, 99, 8], [37, 10, 0, 0, 5, 6, 63]], [[406, 6, 5, 2, 25, 41, 3], [4, 141, 0, 1, 3, 16, 5], [7, 0, 145, 2, 0, 6, 0], [14, 2, 24, 104, 4, 10, 0], [22, 6, 0, 1, 78, 43, 2], [11, 8, 0, 1, 18, 104, 2], [40, 11, 0, 1, 13, 26, 30]], [[432, 13, 2, 1, 17, 14, 9], [2, 164, 0, 0, 0, 0, 4], [16, 0, 129, 15, 0, 0, 0], [13, 0, 10, 134, 0, 1, 0], [17, 5, 0, 0, 100, 26, 4], [6, 4, 0, 0, 7, 127, 0], [17, 8, 0, 0, 7, 14, 75]]], 'roc_auc_micro': [0.6210217755443886, 0.6210217755443886, 0.6210217755443886, 0.6210217755443886, 0.6172529313232831, 0.6327470686767169, 0.6561976549413735, 0.6892797319932998, 0.7194304857621441, 0.7286432160804021, 0.768425460636516, 0.806532663316583, 0.7893634840871022, 0.8509212730318259, 0.8689279731993299, 0.8387772194304858, 0.9028475711892796], 'roc_auc_macro': [0.5, 0.5, 0.5, 0.5, 0.5186217475942418, 0.5164349149719217, 0.5568167298752805, 0.6308282877469397, 0.6451565025969863, 0.6588275627646542, 0.7251959342159141, 0.7822776575332838, 0.7760338622974757, 0.8123833588698, 0.8428753345657292, 0.8121437625366322, 0.8897090264164474]}
[18,   100] loss: 0.031, time: 1748.26 seconds
[18,   200] loss: 0.059, time: 1753.84 seconds
[18,   300] loss: 0.074, time: 1759.48 seconds
[18,   400] loss: 0.107, time: 1765.07 seconds
[18,   500] loss: 0.134, time: 1770.60 seconds
[18,   600] loss: 0.164, time: 1775.55 seconds
[18,   700] loss: 0.191, time: 1783.00 seconds
[18,   800] loss: 0.224, time: 1788.36 seconds
[18,   900] loss: 0.258, time: 1793.50 seconds
[18,  1000] loss: 0.279, time: 1799.31 seconds
[18,  1100] loss: 0.311, time: 1805.32 seconds
[18,  1200] loss: 0.350, time: 1811.03 seconds
[18,  1300] loss: 0.373, time: 1817.16 seconds
Epoch time 79.97
{'train_loss': [2555.941516339779, 2526.4499656558037, 2520.9705938100815, 2519.4034494757652, 2507.155843794346, 2447.1129048466682, 2291.686818487942, 2128.9382144729607, 1959.3380911332788, 1806.842727104202, 1635.8758068319003, 1484.0743783140279, 1297.694212751183, 1172.6197006217835, 1057.1435722010774, 958.128696989808, 885.4659289432377, 804.6605168292197], 'accuracy': [0.3503230437903805, 0.3503230437903805, 0.3503230437903805, 0.3503230437903805, 0.34386216798277097, 0.3704235463029433, 0.4106245513280689, 0.46733668341708545, 0.5190236898779612, 0.5348169418521177, 0.6030150753768844, 0.6683417085427136, 0.6389088298636038, 0.7444364680545585, 0.7753050969131371, 0.7236180904522613, 0.8334529791816224, 0.8370423546302943], 'recall': [0.3503230437903805, 0.3503230437903805, 0.3503230437903805, 0.3503230437903805, 0.34386216798277097, 0.3704235463029433, 0.4106245513280689, 0.46733668341708545, 0.5190236898779612, 0.5348169418521177, 0.6030150753768844, 0.6683417085427136, 0.6389088298636038, 0.7444364680545585, 0.7753050969131371, 0.7236180904522613, 0.8334529791816224, 0.8370423546302943], 'precision': [0.12272623501055685, 0.12272623501055685, 0.12272623501055685, 0.12272623501055685, 0.1519873996190274, 0.43646805455850685, 0.4310903275904407, 0.5197404202834134, 0.585759541158659, 0.5773449204976017, 0.5983919515948414, 0.6721595649386868, 0.6577629078000343, 0.7551649893779537, 0.7851939206470617, 0.7482477224985092, 0.8366932067490366, 0.8406570924932734], 'f1': [0.18177314765518943, 0.18177314765518943, 0.18177314765518943, 0.18177314765518943, 0.21047125738583028, 0.22803764191339906, 0.3118542039697216, 0.43136482610377336, 0.47852813088686214, 0.4883981996118986, 0.5693425154263659, 0.6549896153539106, 0.6368651205888112, 0.7356203480052569, 0.7698446197854325, 0.7191105220188879, 0.8313707261213594, 0.8354250641130591], 'r2': [-1.0751933343217646, -1.0751933343217646, -1.0751933343217646, -1.0751933343217646, -0.953510048474054, -1.0288221362014207, -0.8472838286664581, -0.3102330022088604, -0.4450712378779449, -0.4412891898042999, -0.20614446174723788, 0.2105385738447868, 0.05185699162446167, 0.246221375235264, 0.3050897756859131, 0.18340648983820274, 0.5524028323277462, 0.6222885032537961], 'confusion_matrix': [[[488, 0, 0, 0, 0, 0, 0], [170, 0, 0, 0, 0, 0, 0], [160, 0, 0, 0, 0, 0, 0], [158, 0, 0, 0, 0, 0, 0], [152, 0, 0, 0, 0, 0, 0], [144, 0, 0, 0, 0, 0, 0], [121, 0, 0, 0, 0, 0, 0]], [[488, 0, 0, 0, 0, 0, 0], [170, 0, 0, 0, 0, 0, 0], [160, 0, 0, 0, 0, 0, 0], [158, 0, 0, 0, 0, 0, 0], [152, 0, 0, 0, 0, 0, 0], [144, 0, 0, 0, 0, 0, 0], [121, 0, 0, 0, 0, 0, 0]], [[488, 0, 0, 0, 0, 0, 0], [170, 0, 0, 0, 0, 0, 0], [160, 0, 0, 0, 0, 0, 0], [158, 0, 0, 0, 0, 0, 0], [152, 0, 0, 0, 0, 0, 0], [144, 0, 0, 0, 0, 0, 0], [121, 0, 0, 0, 0, 0, 0]], [[488, 0, 0, 0, 0, 0, 0], [170, 0, 0, 0, 0, 0, 0], [160, 0, 0, 0, 0, 0, 0], [158, 0, 0, 0, 0, 0, 0], [152, 0, 0, 0, 0, 0, 0], [144, 0, 0, 0, 0, 0, 0], [121, 0, 0, 0, 0, 0, 0]], [[433, 0, 0, 0, 0, 55, 0], [129, 0, 0, 0, 0, 41, 0], [130, 0, 0, 0, 0, 30, 0], [143, 0, 0, 0, 0, 15, 0], [114, 0, 0, 0, 0, 38, 0], [98, 0, 0, 0, 0, 46, 0], [90, 0, 0, 0, 0, 31, 0]], [[483, 4, 1, 0, 0, 0, 0], [154, 16, 0, 0, 0, 0, 0], [146, 0, 8, 6, 0, 0, 0], [152, 0, 2, 4, 0, 0, 0], [152, 0, 0, 0, 0, 0, 0], [135, 4, 0, 0, 0, 5, 0], [120, 1, 0, 0, 0, 0, 0]], [[456, 7, 10, 0, 0, 15, 0], [119, 32, 3, 0, 0, 16, 0], [117, 1, 42, 0, 0, 0, 0], [127, 0, 20, 11, 0, 0, 0], [137, 1, 0, 0, 0, 14, 0], [109, 4, 0, 0, 0, 31, 0], [103, 3, 0, 0, 0, 15, 0]], [[363, 32, 12, 10, 60, 7, 4], [64, 98, 1, 0, 5, 1, 1], [108, 3, 41, 7, 0, 1, 0], [99, 0, 9, 46, 4, 0, 0], [65, 8, 1, 1, 75, 2, 0], [55, 4, 1, 0, 60, 23, 1], [50, 16, 0, 0, 45, 5, 5]], [[437, 10, 0, 21, 9, 9, 2], [83, 79, 0, 0, 0, 3, 5], [76, 1, 44, 38, 0, 1, 0], [83, 0, 4, 71, 0, 0, 0], [104, 5, 0, 3, 35, 5, 0], [76, 3, 0, 3, 14, 48, 0], [80, 6, 0, 0, 14, 12, 9]], [[427, 10, 29, 18, 3, 1, 0], [73, 88, 3, 6, 0, 0, 0], [43, 0, 74, 43, 0, 0, 0], [52, 0, 12, 94, 0, 0, 0], [105, 2, 5, 3, 33, 4, 0], [78, 5, 9, 2, 21, 20, 9], [97, 7, 2, 3, 2, 1, 9]], [[379, 31, 11, 28, 27, 12, 0], [20, 142, 2, 1, 3, 2, 0], [13, 1, 116, 27, 2, 1, 0], [24, 0, 28, 102, 3, 1, 0], [67, 13, 0, 4, 52, 15, 1], [60, 14, 0, 4, 21, 43, 2], [61, 23, 0, 3, 14, 14, 6]], [[368, 36, 30, 19, 11, 20, 4], [11, 146, 1, 1, 1, 7, 3], [12, 1, 121, 25, 0, 1, 0], [16, 0, 28, 113, 1, 0, 0], [38, 14, 3, 0, 69, 27, 1], [16, 9, 2, 0, 25, 89, 3], [34, 20, 1, 1, 10, 30, 25]], [[335, 39, 2, 30, 12, 40, 30], [8, 151, 1, 1, 0, 4, 5], [33, 1, 83, 33, 0, 10, 0], [28, 1, 15, 105, 1, 7, 1], [23, 8, 0, 6, 64, 36, 15], [20, 8, 0, 2, 9, 95, 10], [24, 12, 0, 0, 7, 21, 57]], [[454, 8, 3, 9, 6, 2, 6], [14, 148, 0, 1, 0, 3, 4], [29, 0, 111, 19, 0, 1, 0], [39, 0, 20, 99, 0, 0, 0], [44, 4, 0, 1, 83, 16, 4], [36, 0, 0, 0, 15, 90, 3], [45, 4, 0, 0, 3, 17, 52]], [[435, 11, 10, 1, 10, 9, 12], [13, 154, 0, 0, 0, 0, 3], [19, 0, 139, 0, 0, 2, 0], [37, 0, 23, 95, 1, 2, 0], [38, 3, 0, 0, 95, 11, 5], [17, 5, 0, 0, 15, 99, 8], [37, 10, 0, 0, 5, 6, 63]], [[406, 6, 5, 2, 25, 41, 3], [4, 141, 0, 1, 3, 16, 5], [7, 0, 145, 2, 0, 6, 0], [14, 2, 24, 104, 4, 10, 0], [22, 6, 0, 1, 78, 43, 2], [11, 8, 0, 1, 18, 104, 2], [40, 11, 0, 1, 13, 26, 30]], [[432, 13, 2, 1, 17, 14, 9], [2, 164, 0, 0, 0, 0, 4], [16, 0, 129, 15, 0, 0, 0], [13, 0, 10, 134, 0, 1, 0], [17, 5, 0, 0, 100, 26, 4], [6, 4, 0, 0, 7, 127, 0], [17, 8, 0, 0, 7, 14, 75]], [[432, 19, 4, 4, 13, 12, 4], [7, 163, 0, 0, 0, 0, 0], [12, 0, 148, 0, 0, 0, 0], [12, 0, 32, 113, 0, 1, 0], [12, 2, 0, 0, 113, 18, 7], [15, 1, 0, 0, 11, 109, 8], [14, 7, 0, 0, 6, 6, 88]]], 'roc_auc_micro': [0.6210217755443886, 0.6210217755443886, 0.6210217755443886, 0.6210217755443886, 0.6172529313232831, 0.6327470686767169, 0.6561976549413735, 0.6892797319932998, 0.7194304857621441, 0.7286432160804021, 0.768425460636516, 0.806532663316583, 0.7893634840871022, 0.8509212730318259, 0.8689279731993299, 0.8387772194304858, 0.9028475711892796, 0.9049413735343383], 'roc_auc_macro': [0.5, 0.5, 0.5, 0.5, 0.5186217475942418, 0.5164349149719217, 0.5568167298752805, 0.6308282877469397, 0.6451565025969863, 0.6588275627646542, 0.7251959342159141, 0.7822776575332838, 0.7760338622974757, 0.8123833588698, 0.8428753345657292, 0.8121437625366322, 0.8897090264164474, 0.8933897520616165]}
[19,   100] loss: 0.025, time: 1847.71 seconds
[19,   200] loss: 0.043, time: 1852.77 seconds
[19,   300] loss: 0.062, time: 1857.79 seconds
[19,   400] loss: 0.088, time: 1862.87 seconds
[19,   500] loss: 0.117, time: 1868.12 seconds
[19,   600] loss: 0.152, time: 1873.21 seconds
[19,   700] loss: 0.175, time: 1878.92 seconds
[19,   800] loss: 0.194, time: 1884.23 seconds
[19,   900] loss: 0.215, time: 1889.80 seconds
[19,  1000] loss: 0.237, time: 1895.21 seconds
[19,  1100] loss: 0.265, time: 1900.41 seconds
[19,  1200] loss: 0.290, time: 1905.52 seconds
[19,  1300] loss: 0.316, time: 1910.71 seconds
Epoch time 73.80
{'train_loss': [2555.941516339779, 2526.4499656558037, 2520.9705938100815, 2519.4034494757652, 2507.155843794346, 2447.1129048466682, 2291.686818487942, 2128.9382144729607, 1959.3380911332788, 1806.842727104202, 1635.8758068319003, 1484.0743783140279, 1297.694212751183, 1172.6197006217835, 1057.1435722010774, 958.128696989808, 885.4659289432377, 804.6605168292197, 695.1936768160243], 'accuracy': [0.3503230437903805, 0.3503230437903805, 0.3503230437903805, 0.3503230437903805, 0.34386216798277097, 0.3704235463029433, 0.4106245513280689, 0.46733668341708545, 0.5190236898779612, 0.5348169418521177, 0.6030150753768844, 0.6683417085427136, 0.6389088298636038, 0.7444364680545585, 0.7753050969131371, 0.7236180904522613, 0.8334529791816224, 0.8370423546302943, 0.8571428571428571], 'recall': [0.3503230437903805, 0.3503230437903805, 0.3503230437903805, 0.3503230437903805, 0.34386216798277097, 0.3704235463029433, 0.4106245513280689, 0.46733668341708545, 0.5190236898779612, 0.5348169418521177, 0.6030150753768844, 0.6683417085427136, 0.6389088298636038, 0.7444364680545585, 0.7753050969131371, 0.7236180904522613, 0.8334529791816224, 0.8370423546302943, 0.8571428571428571], 'precision': [0.12272623501055685, 0.12272623501055685, 0.12272623501055685, 0.12272623501055685, 0.1519873996190274, 0.43646805455850685, 0.4310903275904407, 0.5197404202834134, 0.585759541158659, 0.5773449204976017, 0.5983919515948414, 0.6721595649386868, 0.6577629078000343, 0.7551649893779537, 0.7851939206470617, 0.7482477224985092, 0.8366932067490366, 0.8406570924932734, 0.863449661678476], 'f1': [0.18177314765518943, 0.18177314765518943, 0.18177314765518943, 0.18177314765518943, 0.21047125738583028, 0.22803764191339906, 0.3118542039697216, 0.43136482610377336, 0.47852813088686214, 0.4883981996118986, 0.5693425154263659, 0.6549896153539106, 0.6368651205888112, 0.7356203480052569, 0.7698446197854325, 0.7191105220188879, 0.8313707261213594, 0.8354250641130591, 0.8572826322135211], 'r2': [-1.0751933343217646, -1.0751933343217646, -1.0751933343217646, -1.0751933343217646, -0.953510048474054, -1.0288221362014207, -0.8472838286664581, -0.3102330022088604, -0.4450712378779449, -0.4412891898042999, -0.20614446174723788, 0.2105385738447868, 0.05185699162446167, 0.246221375235264, 0.3050897756859131, 0.18340648983820274, 0.5524028323277462, 0.6222885032537961, 0.5060316342074025], 'confusion_matrix': [[[488, 0, 0, 0, 0, 0, 0], [170, 0, 0, 0, 0, 0, 0], [160, 0, 0, 0, 0, 0, 0], [158, 0, 0, 0, 0, 0, 0], [152, 0, 0, 0, 0, 0, 0], [144, 0, 0, 0, 0, 0, 0], [121, 0, 0, 0, 0, 0, 0]], [[488, 0, 0, 0, 0, 0, 0], [170, 0, 0, 0, 0, 0, 0], [160, 0, 0, 0, 0, 0, 0], [158, 0, 0, 0, 0, 0, 0], [152, 0, 0, 0, 0, 0, 0], [144, 0, 0, 0, 0, 0, 0], [121, 0, 0, 0, 0, 0, 0]], [[488, 0, 0, 0, 0, 0, 0], [170, 0, 0, 0, 0, 0, 0], [160, 0, 0, 0, 0, 0, 0], [158, 0, 0, 0, 0, 0, 0], [152, 0, 0, 0, 0, 0, 0], [144, 0, 0, 0, 0, 0, 0], [121, 0, 0, 0, 0, 0, 0]], [[488, 0, 0, 0, 0, 0, 0], [170, 0, 0, 0, 0, 0, 0], [160, 0, 0, 0, 0, 0, 0], [158, 0, 0, 0, 0, 0, 0], [152, 0, 0, 0, 0, 0, 0], [144, 0, 0, 0, 0, 0, 0], [121, 0, 0, 0, 0, 0, 0]], [[433, 0, 0, 0, 0, 55, 0], [129, 0, 0, 0, 0, 41, 0], [130, 0, 0, 0, 0, 30, 0], [143, 0, 0, 0, 0, 15, 0], [114, 0, 0, 0, 0, 38, 0], [98, 0, 0, 0, 0, 46, 0], [90, 0, 0, 0, 0, 31, 0]], [[483, 4, 1, 0, 0, 0, 0], [154, 16, 0, 0, 0, 0, 0], [146, 0, 8, 6, 0, 0, 0], [152, 0, 2, 4, 0, 0, 0], [152, 0, 0, 0, 0, 0, 0], [135, 4, 0, 0, 0, 5, 0], [120, 1, 0, 0, 0, 0, 0]], [[456, 7, 10, 0, 0, 15, 0], [119, 32, 3, 0, 0, 16, 0], [117, 1, 42, 0, 0, 0, 0], [127, 0, 20, 11, 0, 0, 0], [137, 1, 0, 0, 0, 14, 0], [109, 4, 0, 0, 0, 31, 0], [103, 3, 0, 0, 0, 15, 0]], [[363, 32, 12, 10, 60, 7, 4], [64, 98, 1, 0, 5, 1, 1], [108, 3, 41, 7, 0, 1, 0], [99, 0, 9, 46, 4, 0, 0], [65, 8, 1, 1, 75, 2, 0], [55, 4, 1, 0, 60, 23, 1], [50, 16, 0, 0, 45, 5, 5]], [[437, 10, 0, 21, 9, 9, 2], [83, 79, 0, 0, 0, 3, 5], [76, 1, 44, 38, 0, 1, 0], [83, 0, 4, 71, 0, 0, 0], [104, 5, 0, 3, 35, 5, 0], [76, 3, 0, 3, 14, 48, 0], [80, 6, 0, 0, 14, 12, 9]], [[427, 10, 29, 18, 3, 1, 0], [73, 88, 3, 6, 0, 0, 0], [43, 0, 74, 43, 0, 0, 0], [52, 0, 12, 94, 0, 0, 0], [105, 2, 5, 3, 33, 4, 0], [78, 5, 9, 2, 21, 20, 9], [97, 7, 2, 3, 2, 1, 9]], [[379, 31, 11, 28, 27, 12, 0], [20, 142, 2, 1, 3, 2, 0], [13, 1, 116, 27, 2, 1, 0], [24, 0, 28, 102, 3, 1, 0], [67, 13, 0, 4, 52, 15, 1], [60, 14, 0, 4, 21, 43, 2], [61, 23, 0, 3, 14, 14, 6]], [[368, 36, 30, 19, 11, 20, 4], [11, 146, 1, 1, 1, 7, 3], [12, 1, 121, 25, 0, 1, 0], [16, 0, 28, 113, 1, 0, 0], [38, 14, 3, 0, 69, 27, 1], [16, 9, 2, 0, 25, 89, 3], [34, 20, 1, 1, 10, 30, 25]], [[335, 39, 2, 30, 12, 40, 30], [8, 151, 1, 1, 0, 4, 5], [33, 1, 83, 33, 0, 10, 0], [28, 1, 15, 105, 1, 7, 1], [23, 8, 0, 6, 64, 36, 15], [20, 8, 0, 2, 9, 95, 10], [24, 12, 0, 0, 7, 21, 57]], [[454, 8, 3, 9, 6, 2, 6], [14, 148, 0, 1, 0, 3, 4], [29, 0, 111, 19, 0, 1, 0], [39, 0, 20, 99, 0, 0, 0], [44, 4, 0, 1, 83, 16, 4], [36, 0, 0, 0, 15, 90, 3], [45, 4, 0, 0, 3, 17, 52]], [[435, 11, 10, 1, 10, 9, 12], [13, 154, 0, 0, 0, 0, 3], [19, 0, 139, 0, 0, 2, 0], [37, 0, 23, 95, 1, 2, 0], [38, 3, 0, 0, 95, 11, 5], [17, 5, 0, 0, 15, 99, 8], [37, 10, 0, 0, 5, 6, 63]], [[406, 6, 5, 2, 25, 41, 3], [4, 141, 0, 1, 3, 16, 5], [7, 0, 145, 2, 0, 6, 0], [14, 2, 24, 104, 4, 10, 0], [22, 6, 0, 1, 78, 43, 2], [11, 8, 0, 1, 18, 104, 2], [40, 11, 0, 1, 13, 26, 30]], [[432, 13, 2, 1, 17, 14, 9], [2, 164, 0, 0, 0, 0, 4], [16, 0, 129, 15, 0, 0, 0], [13, 0, 10, 134, 0, 1, 0], [17, 5, 0, 0, 100, 26, 4], [6, 4, 0, 0, 7, 127, 0], [17, 8, 0, 0, 7, 14, 75]], [[432, 19, 4, 4, 13, 12, 4], [7, 163, 0, 0, 0, 0, 0], [12, 0, 148, 0, 0, 0, 0], [12, 0, 32, 113, 0, 1, 0], [12, 2, 0, 0, 113, 18, 7], [15, 1, 0, 0, 11, 109, 8], [14, 7, 0, 0, 6, 6, 88]], [[442, 1, 3, 24, 9, 2, 7], [14, 147, 0, 0, 0, 0, 9], [8, 0, 141, 11, 0, 0, 0], [6, 0, 8, 143, 0, 1, 0], [22, 0, 0, 0, 121, 3, 6], [26, 0, 0, 0, 9, 109, 0], [25, 1, 0, 1, 2, 1, 91]]], 'roc_auc_micro': [0.6210217755443886, 0.6210217755443886, 0.6210217755443886, 0.6210217755443886, 0.6172529313232831, 0.6327470686767169, 0.6561976549413735, 0.6892797319932998, 0.7194304857621441, 0.7286432160804021, 0.768425460636516, 0.806532663316583, 0.7893634840871022, 0.8509212730318259, 0.8689279731993299, 0.8387772194304858, 0.9028475711892796, 0.9049413735343383, 0.9166666666666666], 'roc_auc_macro': [0.5, 0.5, 0.5, 0.5, 0.5186217475942418, 0.5164349149719217, 0.5568167298752805, 0.6308282877469397, 0.6451565025969863, 0.6588275627646542, 0.7251959342159141, 0.7822776575332838, 0.7760338622974757, 0.8123833588698, 0.8428753345657292, 0.8121437625366322, 0.8897090264164474, 0.8933897520616165, 0.905106806644897]}
[20,   100] loss: 0.019, time: 1940.20 seconds
[20,   200] loss: 0.044, time: 1945.30 seconds
[20,   300] loss: 0.069, time: 1951.75 seconds
[20,   400] loss: 0.089, time: 1957.54 seconds
[20,   500] loss: 0.109, time: 1963.39 seconds
[20,   600] loss: 0.133, time: 1969.42 seconds
[20,   700] loss: 0.154, time: 1975.35 seconds
[20,   800] loss: 0.179, time: 1982.66 seconds
[20,   900] loss: 0.198, time: 1988.18 seconds
[20,  1000] loss: 0.216, time: 1993.79 seconds
[20,  1100] loss: 0.238, time: 1999.94 seconds
[20,  1200] loss: 0.264, time: 2006.71 seconds
[20,  1300] loss: 0.278, time: 2012.99 seconds
Epoch time 83.87
{'train_loss': [2555.941516339779, 2526.4499656558037, 2520.9705938100815, 2519.4034494757652, 2507.155843794346, 2447.1129048466682, 2291.686818487942, 2128.9382144729607, 1959.3380911332788, 1806.842727104202, 1635.8758068319003, 1484.0743783140279, 1297.694212751183, 1172.6197006217835, 1057.1435722010774, 958.128696989808, 885.4659289432377, 804.6605168292197, 695.1936768160243, 596.46271478736], 'accuracy': [0.3503230437903805, 0.3503230437903805, 0.3503230437903805, 0.3503230437903805, 0.34386216798277097, 0.3704235463029433, 0.4106245513280689, 0.46733668341708545, 0.5190236898779612, 0.5348169418521177, 0.6030150753768844, 0.6683417085427136, 0.6389088298636038, 0.7444364680545585, 0.7753050969131371, 0.7236180904522613, 0.8334529791816224, 0.8370423546302943, 0.8571428571428571, 0.8341708542713567], 'recall': [0.3503230437903805, 0.3503230437903805, 0.3503230437903805, 0.3503230437903805, 0.34386216798277097, 0.3704235463029433, 0.4106245513280689, 0.46733668341708545, 0.5190236898779612, 0.5348169418521177, 0.6030150753768844, 0.6683417085427136, 0.6389088298636038, 0.7444364680545585, 0.7753050969131371, 0.7236180904522613, 0.8334529791816224, 0.8370423546302943, 0.8571428571428571, 0.8341708542713567], 'precision': [0.12272623501055685, 0.12272623501055685, 0.12272623501055685, 0.12272623501055685, 0.1519873996190274, 0.43646805455850685, 0.4310903275904407, 0.5197404202834134, 0.585759541158659, 0.5773449204976017, 0.5983919515948414, 0.6721595649386868, 0.6577629078000343, 0.7551649893779537, 0.7851939206470617, 0.7482477224985092, 0.8366932067490366, 0.8406570924932734, 0.863449661678476, 0.8492598579585697], 'f1': [0.18177314765518943, 0.18177314765518943, 0.18177314765518943, 0.18177314765518943, 0.21047125738583028, 0.22803764191339906, 0.3118542039697216, 0.43136482610377336, 0.47852813088686214, 0.4883981996118986, 0.5693425154263659, 0.6549896153539106, 0.6368651205888112, 0.7356203480052569, 0.7698446197854325, 0.7191105220188879, 0.8313707261213594, 0.8354250641130591, 0.8572826322135211, 0.8340451560741724], 'r2': [-1.0751933343217646, -1.0751933343217646, -1.0751933343217646, -1.0751933343217646, -0.953510048474054, -1.0288221362014207, -0.8472838286664581, -0.3102330022088604, -0.4450712378779449, -0.4412891898042999, -0.20614446174723788, 0.2105385738447868, 0.05185699162446167, 0.246221375235264, 0.3050897756859131, 0.18340648983820274, 0.5524028323277462, 0.6222885032537961, 0.5060316342074025, 0.4382836426273259], 'confusion_matrix': [[[488, 0, 0, 0, 0, 0, 0], [170, 0, 0, 0, 0, 0, 0], [160, 0, 0, 0, 0, 0, 0], [158, 0, 0, 0, 0, 0, 0], [152, 0, 0, 0, 0, 0, 0], [144, 0, 0, 0, 0, 0, 0], [121, 0, 0, 0, 0, 0, 0]], [[488, 0, 0, 0, 0, 0, 0], [170, 0, 0, 0, 0, 0, 0], [160, 0, 0, 0, 0, 0, 0], [158, 0, 0, 0, 0, 0, 0], [152, 0, 0, 0, 0, 0, 0], [144, 0, 0, 0, 0, 0, 0], [121, 0, 0, 0, 0, 0, 0]], [[488, 0, 0, 0, 0, 0, 0], [170, 0, 0, 0, 0, 0, 0], [160, 0, 0, 0, 0, 0, 0], [158, 0, 0, 0, 0, 0, 0], [152, 0, 0, 0, 0, 0, 0], [144, 0, 0, 0, 0, 0, 0], [121, 0, 0, 0, 0, 0, 0]], [[488, 0, 0, 0, 0, 0, 0], [170, 0, 0, 0, 0, 0, 0], [160, 0, 0, 0, 0, 0, 0], [158, 0, 0, 0, 0, 0, 0], [152, 0, 0, 0, 0, 0, 0], [144, 0, 0, 0, 0, 0, 0], [121, 0, 0, 0, 0, 0, 0]], [[433, 0, 0, 0, 0, 55, 0], [129, 0, 0, 0, 0, 41, 0], [130, 0, 0, 0, 0, 30, 0], [143, 0, 0, 0, 0, 15, 0], [114, 0, 0, 0, 0, 38, 0], [98, 0, 0, 0, 0, 46, 0], [90, 0, 0, 0, 0, 31, 0]], [[483, 4, 1, 0, 0, 0, 0], [154, 16, 0, 0, 0, 0, 0], [146, 0, 8, 6, 0, 0, 0], [152, 0, 2, 4, 0, 0, 0], [152, 0, 0, 0, 0, 0, 0], [135, 4, 0, 0, 0, 5, 0], [120, 1, 0, 0, 0, 0, 0]], [[456, 7, 10, 0, 0, 15, 0], [119, 32, 3, 0, 0, 16, 0], [117, 1, 42, 0, 0, 0, 0], [127, 0, 20, 11, 0, 0, 0], [137, 1, 0, 0, 0, 14, 0], [109, 4, 0, 0, 0, 31, 0], [103, 3, 0, 0, 0, 15, 0]], [[363, 32, 12, 10, 60, 7, 4], [64, 98, 1, 0, 5, 1, 1], [108, 3, 41, 7, 0, 1, 0], [99, 0, 9, 46, 4, 0, 0], [65, 8, 1, 1, 75, 2, 0], [55, 4, 1, 0, 60, 23, 1], [50, 16, 0, 0, 45, 5, 5]], [[437, 10, 0, 21, 9, 9, 2], [83, 79, 0, 0, 0, 3, 5], [76, 1, 44, 38, 0, 1, 0], [83, 0, 4, 71, 0, 0, 0], [104, 5, 0, 3, 35, 5, 0], [76, 3, 0, 3, 14, 48, 0], [80, 6, 0, 0, 14, 12, 9]], [[427, 10, 29, 18, 3, 1, 0], [73, 88, 3, 6, 0, 0, 0], [43, 0, 74, 43, 0, 0, 0], [52, 0, 12, 94, 0, 0, 0], [105, 2, 5, 3, 33, 4, 0], [78, 5, 9, 2, 21, 20, 9], [97, 7, 2, 3, 2, 1, 9]], [[379, 31, 11, 28, 27, 12, 0], [20, 142, 2, 1, 3, 2, 0], [13, 1, 116, 27, 2, 1, 0], [24, 0, 28, 102, 3, 1, 0], [67, 13, 0, 4, 52, 15, 1], [60, 14, 0, 4, 21, 43, 2], [61, 23, 0, 3, 14, 14, 6]], [[368, 36, 30, 19, 11, 20, 4], [11, 146, 1, 1, 1, 7, 3], [12, 1, 121, 25, 0, 1, 0], [16, 0, 28, 113, 1, 0, 0], [38, 14, 3, 0, 69, 27, 1], [16, 9, 2, 0, 25, 89, 3], [34, 20, 1, 1, 10, 30, 25]], [[335, 39, 2, 30, 12, 40, 30], [8, 151, 1, 1, 0, 4, 5], [33, 1, 83, 33, 0, 10, 0], [28, 1, 15, 105, 1, 7, 1], [23, 8, 0, 6, 64, 36, 15], [20, 8, 0, 2, 9, 95, 10], [24, 12, 0, 0, 7, 21, 57]], [[454, 8, 3, 9, 6, 2, 6], [14, 148, 0, 1, 0, 3, 4], [29, 0, 111, 19, 0, 1, 0], [39, 0, 20, 99, 0, 0, 0], [44, 4, 0, 1, 83, 16, 4], [36, 0, 0, 0, 15, 90, 3], [45, 4, 0, 0, 3, 17, 52]], [[435, 11, 10, 1, 10, 9, 12], [13, 154, 0, 0, 0, 0, 3], [19, 0, 139, 0, 0, 2, 0], [37, 0, 23, 95, 1, 2, 0], [38, 3, 0, 0, 95, 11, 5], [17, 5, 0, 0, 15, 99, 8], [37, 10, 0, 0, 5, 6, 63]], [[406, 6, 5, 2, 25, 41, 3], [4, 141, 0, 1, 3, 16, 5], [7, 0, 145, 2, 0, 6, 0], [14, 2, 24, 104, 4, 10, 0], [22, 6, 0, 1, 78, 43, 2], [11, 8, 0, 1, 18, 104, 2], [40, 11, 0, 1, 13, 26, 30]], [[432, 13, 2, 1, 17, 14, 9], [2, 164, 0, 0, 0, 0, 4], [16, 0, 129, 15, 0, 0, 0], [13, 0, 10, 134, 0, 1, 0], [17, 5, 0, 0, 100, 26, 4], [6, 4, 0, 0, 7, 127, 0], [17, 8, 0, 0, 7, 14, 75]], [[432, 19, 4, 4, 13, 12, 4], [7, 163, 0, 0, 0, 0, 0], [12, 0, 148, 0, 0, 0, 0], [12, 0, 32, 113, 0, 1, 0], [12, 2, 0, 0, 113, 18, 7], [15, 1, 0, 0, 11, 109, 8], [14, 7, 0, 0, 6, 6, 88]], [[442, 1, 3, 24, 9, 2, 7], [14, 147, 0, 0, 0, 0, 9], [8, 0, 141, 11, 0, 0, 0], [6, 0, 8, 143, 0, 1, 0], [22, 0, 0, 0, 121, 3, 6], [26, 0, 0, 0, 9, 109, 0], [25, 1, 0, 1, 2, 1, 91]], [[431, 2, 2, 19, 2, 5, 27], [8, 143, 0, 2, 0, 4, 13], [15, 0, 134, 11, 0, 0, 0], [8, 0, 3, 147, 0, 0, 0], [24, 0, 0, 3, 91, 20, 14], [9, 0, 0, 3, 0, 131, 1], [21, 2, 0, 4, 1, 8, 85]]], 'roc_auc_micro': [0.6210217755443886, 0.6210217755443886, 0.6210217755443886, 0.6210217755443886, 0.6172529313232831, 0.6327470686767169, 0.6561976549413735, 0.6892797319932998, 0.7194304857621441, 0.7286432160804021, 0.768425460636516, 0.806532663316583, 0.7893634840871022, 0.8509212730318259, 0.8689279731993299, 0.8387772194304858, 0.9028475711892796, 0.9049413735343383, 0.9166666666666666, 0.9032663316582914], 'roc_auc_macro': [0.5, 0.5, 0.5, 0.5, 0.5186217475942418, 0.5164349149719217, 0.5568167298752805, 0.6308282877469397, 0.6451565025969863, 0.6588275627646542, 0.7251959342159141, 0.7822776575332838, 0.7760338622974757, 0.8123833588698, 0.8428753345657292, 0.8121437625366322, 0.8897090264164474, 0.8933897520616165, 0.905106806644897, 0.8923287190889783]}
Total training time: 2037.91 s
Finished Training
