MichCNN_base_lr=0.001_momentum=0.9_stats.json
[1,   100] loss: 0.095, time: 4.34 seconds
[1,   200] loss: 0.186, time: 8.89 seconds
[1,   300] loss: 0.275, time: 13.08 seconds
[1,   400] loss: 0.364, time: 17.68 seconds
[1,   500] loss: 0.460, time: 22.08 seconds
[1,   600] loss: 0.554, time: 26.66 seconds
[1,   700] loss: 0.644, time: 30.94 seconds
[1,   800] loss: 0.735, time: 34.99 seconds
[1,   900] loss: 0.829, time: 39.63 seconds
[1,  1000] loss: 0.919, time: 44.47 seconds
[1,  1100] loss: 1.011, time: 49.24 seconds
[1,  1200] loss: 1.104, time: 54.85 seconds
[1,  1300] loss: 1.196, time: 60.05 seconds
Epoch time 65.01
{'train_loss': [2558.218353688717], 'accuracy': [0.4492753623188406], 'recall': [0.4492753623188406], 'precision': [0.20184835118672548], 'f1': [0.27855072463768116], 'r2': [-0.7498828308076864], 'confusion_matrix': [[[62, 0, 0, 0, 0, 0, 0], [16, 0, 0, 0, 0, 0, 0], [17, 0, 0, 0, 0, 0, 0], [11, 0, 0, 0, 0, 0, 0], [12, 0, 0, 0, 0, 0, 0], [11, 0, 0, 0, 0, 0, 0], [9, 0, 0, 0, 0, 0, 0]]], 'roc_auc_micro': [0.6787439613526571], 'roc_auc_macro': [0.5]}
[2,   100] loss: 0.092, time: 75.87 seconds
[2,   200] loss: 0.187, time: 82.43 seconds
[2,   300] loss: 0.279, time: 89.35 seconds
[2,   400] loss: 0.370, time: 96.04 seconds
[2,   500] loss: 0.463, time: 103.48 seconds
[2,   600] loss: 0.554, time: 110.55 seconds
[2,   700] loss: 0.643, time: 116.83 seconds
[2,   800] loss: 0.733, time: 123.90 seconds
[2,   900] loss: 0.828, time: 130.28 seconds
[2,  1000] loss: 0.910, time: 137.22 seconds
[2,  1100] loss: 1.003, time: 144.14 seconds
[2,  1200] loss: 1.094, time: 150.71 seconds
[2,  1300] loss: 1.184, time: 157.31 seconds
Epoch time 93.71
{'train_loss': [2558.218353688717, 2531.013210594654], 'accuracy': [0.4492753623188406, 0.4492753623188406], 'recall': [0.4492753623188406, 0.4492753623188406], 'precision': [0.20184835118672548, 0.20184835118672548], 'f1': [0.27855072463768116, 0.27855072463768116], 'r2': [-0.7498828308076864, -0.7498828308076864], 'confusion_matrix': [[[62, 0, 0, 0, 0, 0, 0], [16, 0, 0, 0, 0, 0, 0], [17, 0, 0, 0, 0, 0, 0], [11, 0, 0, 0, 0, 0, 0], [12, 0, 0, 0, 0, 0, 0], [11, 0, 0, 0, 0, 0, 0], [9, 0, 0, 0, 0, 0, 0]], [[62, 0, 0, 0, 0, 0, 0], [16, 0, 0, 0, 0, 0, 0], [17, 0, 0, 0, 0, 0, 0], [11, 0, 0, 0, 0, 0, 0], [12, 0, 0, 0, 0, 0, 0], [11, 0, 0, 0, 0, 0, 0], [9, 0, 0, 0, 0, 0, 0]]], 'roc_auc_micro': [0.6787439613526571, 0.6787439613526571], 'roc_auc_macro': [0.5, 0.5]}
[3,   100] loss: 0.093, time: 170.43 seconds
[3,   200] loss: 0.183, time: 176.36 seconds
[3,   300] loss: 0.272, time: 181.70 seconds
[3,   400] loss: 0.363, time: 186.43 seconds
[3,   500] loss: 0.453, time: 194.46 seconds
[3,   600] loss: 0.538, time: 203.68 seconds
[3,   700] loss: 0.631, time: 208.53 seconds
[3,   800] loss: 0.722, time: 212.67 seconds
[3,   900] loss: 0.811, time: 216.72 seconds
[3,  1000] loss: 0.900, time: 220.81 seconds
[3,  1100] loss: 0.985, time: 224.89 seconds
[3,  1200] loss: 1.082, time: 229.08 seconds
[3,  1300] loss: 1.177, time: 233.16 seconds
Epoch time 72.10
{'train_loss': [2558.218353688717, 2531.013210594654, 2522.5940400362015], 'accuracy': [0.4492753623188406, 0.4492753623188406, 0.4492753623188406], 'recall': [0.4492753623188406, 0.4492753623188406, 0.4492753623188406], 'precision': [0.20184835118672548, 0.20184835118672548, 0.20184835118672548], 'f1': [0.27855072463768116, 0.27855072463768116, 0.27855072463768116], 'r2': [-0.7498828308076864, -0.7498828308076864, -0.7498828308076864], 'confusion_matrix': [[[62, 0, 0, 0, 0, 0, 0], [16, 0, 0, 0, 0, 0, 0], [17, 0, 0, 0, 0, 0, 0], [11, 0, 0, 0, 0, 0, 0], [12, 0, 0, 0, 0, 0, 0], [11, 0, 0, 0, 0, 0, 0], [9, 0, 0, 0, 0, 0, 0]], [[62, 0, 0, 0, 0, 0, 0], [16, 0, 0, 0, 0, 0, 0], [17, 0, 0, 0, 0, 0, 0], [11, 0, 0, 0, 0, 0, 0], [12, 0, 0, 0, 0, 0, 0], [11, 0, 0, 0, 0, 0, 0], [9, 0, 0, 0, 0, 0, 0]], [[62, 0, 0, 0, 0, 0, 0], [16, 0, 0, 0, 0, 0, 0], [17, 0, 0, 0, 0, 0, 0], [11, 0, 0, 0, 0, 0, 0], [12, 0, 0, 0, 0, 0, 0], [11, 0, 0, 0, 0, 0, 0], [9, 0, 0, 0, 0, 0, 0]]], 'roc_auc_micro': [0.6787439613526571, 0.6787439613526571, 0.6787439613526571], 'roc_auc_macro': [0.5, 0.5, 0.5]}
[4,   100] loss: 0.088, time: 244.34 seconds
[4,   200] loss: 0.178, time: 248.38 seconds
[4,   300] loss: 0.269, time: 252.56 seconds
[4,   400] loss: 0.365, time: 256.66 seconds
[4,   500] loss: 0.461, time: 261.16 seconds
[4,   600] loss: 0.548, time: 266.33 seconds
[4,   700] loss: 0.640, time: 271.80 seconds
[4,   800] loss: 0.733, time: 276.71 seconds
[4,   900] loss: 0.821, time: 281.62 seconds
[4,  1000] loss: 0.914, time: 286.30 seconds
[4,  1100] loss: 1.006, time: 290.66 seconds
[4,  1200] loss: 1.096, time: 295.06 seconds
[4,  1300] loss: 1.182, time: 299.51 seconds
Epoch time 65.40
{'train_loss': [2558.218353688717, 2531.013210594654, 2522.5940400362015, 2514.959540784359], 'accuracy': [0.4492753623188406, 0.4492753623188406, 0.4492753623188406, 0.4492753623188406], 'recall': [0.4492753623188406, 0.4492753623188406, 0.4492753623188406, 0.4492753623188406], 'precision': [0.20184835118672548, 0.20184835118672548, 0.20184835118672548, 0.20184835118672548], 'f1': [0.27855072463768116, 0.27855072463768116, 0.27855072463768116, 0.27855072463768116], 'r2': [-0.7498828308076864, -0.7498828308076864, -0.7498828308076864, -0.7498828308076864], 'confusion_matrix': [[[62, 0, 0, 0, 0, 0, 0], [16, 0, 0, 0, 0, 0, 0], [17, 0, 0, 0, 0, 0, 0], [11, 0, 0, 0, 0, 0, 0], [12, 0, 0, 0, 0, 0, 0], [11, 0, 0, 0, 0, 0, 0], [9, 0, 0, 0, 0, 0, 0]], [[62, 0, 0, 0, 0, 0, 0], [16, 0, 0, 0, 0, 0, 0], [17, 0, 0, 0, 0, 0, 0], [11, 0, 0, 0, 0, 0, 0], [12, 0, 0, 0, 0, 0, 0], [11, 0, 0, 0, 0, 0, 0], [9, 0, 0, 0, 0, 0, 0]], [[62, 0, 0, 0, 0, 0, 0], [16, 0, 0, 0, 0, 0, 0], [17, 0, 0, 0, 0, 0, 0], [11, 0, 0, 0, 0, 0, 0], [12, 0, 0, 0, 0, 0, 0], [11, 0, 0, 0, 0, 0, 0], [9, 0, 0, 0, 0, 0, 0]], [[62, 0, 0, 0, 0, 0, 0], [16, 0, 0, 0, 0, 0, 0], [17, 0, 0, 0, 0, 0, 0], [11, 0, 0, 0, 0, 0, 0], [12, 0, 0, 0, 0, 0, 0], [11, 0, 0, 0, 0, 0, 0], [9, 0, 0, 0, 0, 0, 0]]], 'roc_auc_micro': [0.6787439613526571, 0.6787439613526571, 0.6787439613526571, 0.6787439613526571], 'roc_auc_macro': [0.5, 0.5, 0.5, 0.5]}
[5,   100] loss: 0.089, time: 309.64 seconds
[5,   200] loss: 0.184, time: 314.12 seconds
[5,   300] loss: 0.275, time: 318.59 seconds
[5,   400] loss: 0.364, time: 323.03 seconds
[5,   500] loss: 0.452, time: 327.52 seconds
[5,   600] loss: 0.545, time: 331.93 seconds
[5,   700] loss: 0.634, time: 336.33 seconds
[5,   800] loss: 0.725, time: 340.68 seconds
[5,   900] loss: 0.816, time: 345.08 seconds
[5,  1000] loss: 0.905, time: 349.84 seconds
[5,  1100] loss: 0.997, time: 354.89 seconds
[5,  1200] loss: 1.084, time: 360.04 seconds
[5,  1300] loss: 1.170, time: 367.21 seconds
Epoch time 66.58
{'train_loss': [2558.218353688717, 2531.013210594654, 2522.5940400362015, 2514.959540784359, 2513.8179988265038], 'accuracy': [0.4492753623188406, 0.4492753623188406, 0.4492753623188406, 0.4492753623188406, 0.4492753623188406], 'recall': [0.4492753623188406, 0.4492753623188406, 0.4492753623188406, 0.4492753623188406, 0.4492753623188406], 'precision': [0.20184835118672548, 0.20184835118672548, 0.20184835118672548, 0.20184835118672548, 0.20184835118672548], 'f1': [0.27855072463768116, 0.27855072463768116, 0.27855072463768116, 0.27855072463768116, 0.27855072463768116], 'r2': [-0.7498828308076864, -0.7498828308076864, -0.7498828308076864, -0.7498828308076864, -0.7498828308076864], 'confusion_matrix': [[[62, 0, 0, 0, 0, 0, 0], [16, 0, 0, 0, 0, 0, 0], [17, 0, 0, 0, 0, 0, 0], [11, 0, 0, 0, 0, 0, 0], [12, 0, 0, 0, 0, 0, 0], [11, 0, 0, 0, 0, 0, 0], [9, 0, 0, 0, 0, 0, 0]], [[62, 0, 0, 0, 0, 0, 0], [16, 0, 0, 0, 0, 0, 0], [17, 0, 0, 0, 0, 0, 0], [11, 0, 0, 0, 0, 0, 0], [12, 0, 0, 0, 0, 0, 0], [11, 0, 0, 0, 0, 0, 0], [9, 0, 0, 0, 0, 0, 0]], [[62, 0, 0, 0, 0, 0, 0], [16, 0, 0, 0, 0, 0, 0], [17, 0, 0, 0, 0, 0, 0], [11, 0, 0, 0, 0, 0, 0], [12, 0, 0, 0, 0, 0, 0], [11, 0, 0, 0, 0, 0, 0], [9, 0, 0, 0, 0, 0, 0]], [[62, 0, 0, 0, 0, 0, 0], [16, 0, 0, 0, 0, 0, 0], [17, 0, 0, 0, 0, 0, 0], [11, 0, 0, 0, 0, 0, 0], [12, 0, 0, 0, 0, 0, 0], [11, 0, 0, 0, 0, 0, 0], [9, 0, 0, 0, 0, 0, 0]], [[62, 0, 0, 0, 0, 0, 0], [16, 0, 0, 0, 0, 0, 0], [17, 0, 0, 0, 0, 0, 0], [11, 0, 0, 0, 0, 0, 0], [12, 0, 0, 0, 0, 0, 0], [11, 0, 0, 0, 0, 0, 0], [9, 0, 0, 0, 0, 0, 0]]], 'roc_auc_micro': [0.6787439613526571, 0.6787439613526571, 0.6787439613526571, 0.6787439613526571, 0.6787439613526571], 'roc_auc_macro': [0.5, 0.5, 0.5, 0.5, 0.5]}
[6,   100] loss: 0.089, time: 378.56 seconds
[6,   200] loss: 0.173, time: 383.49 seconds
[6,   300] loss: 0.262, time: 388.04 seconds
[6,   400] loss: 0.354, time: 392.48 seconds
[6,   500] loss: 0.449, time: 396.95 seconds
[6,   600] loss: 0.544, time: 401.39 seconds
[6,   700] loss: 0.633, time: 405.76 seconds
[6,   800] loss: 0.721, time: 410.16 seconds
[6,   900] loss: 0.811, time: 414.43 seconds
[6,  1000] loss: 0.901, time: 418.67 seconds
[6,  1100] loss: 0.987, time: 422.86 seconds
[6,  1200] loss: 1.073, time: 427.07 seconds
[6,  1300] loss: 1.160, time: 431.22 seconds
Epoch time 61.71
{'train_loss': [2558.218353688717, 2531.013210594654, 2522.5940400362015, 2514.959540784359, 2513.8179988265038, 2485.9560937583447], 'accuracy': [0.4492753623188406, 0.4492753623188406, 0.4492753623188406, 0.4492753623188406, 0.4492753623188406, 0.4492753623188406], 'recall': [0.4492753623188406, 0.4492753623188406, 0.4492753623188406, 0.4492753623188406, 0.4492753623188406, 0.4492753623188406], 'precision': [0.20184835118672548, 0.20184835118672548, 0.20184835118672548, 0.20184835118672548, 0.20184835118672548, 0.20184835118672548], 'f1': [0.27855072463768116, 0.27855072463768116, 0.27855072463768116, 0.27855072463768116, 0.27855072463768116, 0.27855072463768116], 'r2': [-0.7498828308076864, -0.7498828308076864, -0.7498828308076864, -0.7498828308076864, -0.7498828308076864, -0.7498828308076864], 'confusion_matrix': [[[62, 0, 0, 0, 0, 0, 0], [16, 0, 0, 0, 0, 0, 0], [17, 0, 0, 0, 0, 0, 0], [11, 0, 0, 0, 0, 0, 0], [12, 0, 0, 0, 0, 0, 0], [11, 0, 0, 0, 0, 0, 0], [9, 0, 0, 0, 0, 0, 0]], [[62, 0, 0, 0, 0, 0, 0], [16, 0, 0, 0, 0, 0, 0], [17, 0, 0, 0, 0, 0, 0], [11, 0, 0, 0, 0, 0, 0], [12, 0, 0, 0, 0, 0, 0], [11, 0, 0, 0, 0, 0, 0], [9, 0, 0, 0, 0, 0, 0]], [[62, 0, 0, 0, 0, 0, 0], [16, 0, 0, 0, 0, 0, 0], [17, 0, 0, 0, 0, 0, 0], [11, 0, 0, 0, 0, 0, 0], [12, 0, 0, 0, 0, 0, 0], [11, 0, 0, 0, 0, 0, 0], [9, 0, 0, 0, 0, 0, 0]], [[62, 0, 0, 0, 0, 0, 0], [16, 0, 0, 0, 0, 0, 0], [17, 0, 0, 0, 0, 0, 0], [11, 0, 0, 0, 0, 0, 0], [12, 0, 0, 0, 0, 0, 0], [11, 0, 0, 0, 0, 0, 0], [9, 0, 0, 0, 0, 0, 0]], [[62, 0, 0, 0, 0, 0, 0], [16, 0, 0, 0, 0, 0, 0], [17, 0, 0, 0, 0, 0, 0], [11, 0, 0, 0, 0, 0, 0], [12, 0, 0, 0, 0, 0, 0], [11, 0, 0, 0, 0, 0, 0], [9, 0, 0, 0, 0, 0, 0]], [[62, 0, 0, 0, 0, 0, 0], [16, 0, 0, 0, 0, 0, 0], [17, 0, 0, 0, 0, 0, 0], [11, 0, 0, 0, 0, 0, 0], [12, 0, 0, 0, 0, 0, 0], [11, 0, 0, 0, 0, 0, 0], [9, 0, 0, 0, 0, 0, 0]]], 'roc_auc_micro': [0.6787439613526571, 0.6787439613526571, 0.6787439613526571, 0.6787439613526571, 0.6787439613526571, 0.6787439613526571], 'roc_auc_macro': [0.5, 0.5, 0.5, 0.5, 0.5, 0.5]}
[7,   100] loss: 0.090, time: 440.77 seconds
[7,   200] loss: 0.182, time: 445.67 seconds
[7,   300] loss: 0.268, time: 454.17 seconds
[7,   400] loss: 0.361, time: 460.37 seconds
[7,   500] loss: 0.453, time: 466.36 seconds
[7,   600] loss: 0.541, time: 471.33 seconds
[7,   700] loss: 0.630, time: 475.66 seconds
[7,   800] loss: 0.712, time: 479.75 seconds
[7,   900] loss: 0.795, time: 483.82 seconds
[7,  1000] loss: 0.877, time: 487.88 seconds
[7,  1100] loss: 0.963, time: 491.95 seconds
[7,  1200] loss: 1.048, time: 496.06 seconds
[7,  1300] loss: 1.133, time: 500.31 seconds
Epoch time 67.68
{'train_loss': [2558.218353688717, 2531.013210594654, 2522.5940400362015, 2514.959540784359, 2513.8179988265038, 2485.9560937583447, 2432.5664789378643], 'accuracy': [0.4492753623188406, 0.4492753623188406, 0.4492753623188406, 0.4492753623188406, 0.4492753623188406, 0.4492753623188406, 0.4492753623188406], 'recall': [0.4492753623188406, 0.4492753623188406, 0.4492753623188406, 0.4492753623188406, 0.4492753623188406, 0.4492753623188406, 0.4492753623188406], 'precision': [0.20184835118672548, 0.20184835118672548, 0.20184835118672548, 0.20184835118672548, 0.20184835118672548, 0.20184835118672548, 0.20184835118672548], 'f1': [0.27855072463768116, 0.27855072463768116, 0.27855072463768116, 0.27855072463768116, 0.27855072463768116, 0.27855072463768116, 0.27855072463768116], 'r2': [-0.7498828308076864, -0.7498828308076864, -0.7498828308076864, -0.7498828308076864, -0.7498828308076864, -0.7498828308076864, -0.7498828308076864], 'confusion_matrix': [[[62, 0, 0, 0, 0, 0, 0], [16, 0, 0, 0, 0, 0, 0], [17, 0, 0, 0, 0, 0, 0], [11, 0, 0, 0, 0, 0, 0], [12, 0, 0, 0, 0, 0, 0], [11, 0, 0, 0, 0, 0, 0], [9, 0, 0, 0, 0, 0, 0]], [[62, 0, 0, 0, 0, 0, 0], [16, 0, 0, 0, 0, 0, 0], [17, 0, 0, 0, 0, 0, 0], [11, 0, 0, 0, 0, 0, 0], [12, 0, 0, 0, 0, 0, 0], [11, 0, 0, 0, 0, 0, 0], [9, 0, 0, 0, 0, 0, 0]], [[62, 0, 0, 0, 0, 0, 0], [16, 0, 0, 0, 0, 0, 0], [17, 0, 0, 0, 0, 0, 0], [11, 0, 0, 0, 0, 0, 0], [12, 0, 0, 0, 0, 0, 0], [11, 0, 0, 0, 0, 0, 0], [9, 0, 0, 0, 0, 0, 0]], [[62, 0, 0, 0, 0, 0, 0], [16, 0, 0, 0, 0, 0, 0], [17, 0, 0, 0, 0, 0, 0], [11, 0, 0, 0, 0, 0, 0], [12, 0, 0, 0, 0, 0, 0], [11, 0, 0, 0, 0, 0, 0], [9, 0, 0, 0, 0, 0, 0]], [[62, 0, 0, 0, 0, 0, 0], [16, 0, 0, 0, 0, 0, 0], [17, 0, 0, 0, 0, 0, 0], [11, 0, 0, 0, 0, 0, 0], [12, 0, 0, 0, 0, 0, 0], [11, 0, 0, 0, 0, 0, 0], [9, 0, 0, 0, 0, 0, 0]], [[62, 0, 0, 0, 0, 0, 0], [16, 0, 0, 0, 0, 0, 0], [17, 0, 0, 0, 0, 0, 0], [11, 0, 0, 0, 0, 0, 0], [12, 0, 0, 0, 0, 0, 0], [11, 0, 0, 0, 0, 0, 0], [9, 0, 0, 0, 0, 0, 0]], [[62, 0, 0, 0, 0, 0, 0], [16, 0, 0, 0, 0, 0, 0], [17, 0, 0, 0, 0, 0, 0], [11, 0, 0, 0, 0, 0, 0], [12, 0, 0, 0, 0, 0, 0], [11, 0, 0, 0, 0, 0, 0], [9, 0, 0, 0, 0, 0, 0]]], 'roc_auc_micro': [0.6787439613526571, 0.6787439613526571, 0.6787439613526571, 0.6787439613526571, 0.6787439613526571, 0.6787439613526571, 0.6787439613526571], 'roc_auc_macro': [0.5, 0.5, 0.5, 0.5, 0.5, 0.5, 0.5]}
[8,   100] loss: 0.085, time: 510.02 seconds
[8,   200] loss: 0.163, time: 514.39 seconds
[8,   300] loss: 0.249, time: 518.61 seconds
[8,   400] loss: 0.331, time: 522.78 seconds
[8,   500] loss: 0.413, time: 526.98 seconds
[8,   600] loss: 0.498, time: 531.17 seconds
[8,   700] loss: 0.584, time: 535.30 seconds
[8,   800] loss: 0.665, time: 539.46 seconds
[8,   900] loss: 0.749, time: 543.63 seconds
[8,  1000] loss: 0.835, time: 547.74 seconds
[8,  1100] loss: 0.920, time: 551.84 seconds
[8,  1200] loss: 1.001, time: 555.96 seconds
[8,  1300] loss: 1.084, time: 560.07 seconds
Epoch time 58.15
{'train_loss': [2558.218353688717, 2531.013210594654, 2522.5940400362015, 2514.959540784359, 2513.8179988265038, 2485.9560937583447, 2432.5664789378643, 2335.235237222165], 'accuracy': [0.4492753623188406, 0.4492753623188406, 0.4492753623188406, 0.4492753623188406, 0.4492753623188406, 0.4492753623188406, 0.4492753623188406, 0.4492753623188406], 'recall': [0.4492753623188406, 0.4492753623188406, 0.4492753623188406, 0.4492753623188406, 0.4492753623188406, 0.4492753623188406, 0.4492753623188406, 0.4492753623188406], 'precision': [0.20184835118672548, 0.20184835118672548, 0.20184835118672548, 0.20184835118672548, 0.20184835118672548, 0.20184835118672548, 0.20184835118672548, 0.20184835118672548], 'f1': [0.27855072463768116, 0.27855072463768116, 0.27855072463768116, 0.27855072463768116, 0.27855072463768116, 0.27855072463768116, 0.27855072463768116, 0.27855072463768116], 'r2': [-0.7498828308076864, -0.7498828308076864, -0.7498828308076864, -0.7498828308076864, -0.7498828308076864, -0.7498828308076864, -0.7498828308076864, -0.7498828308076864], 'confusion_matrix': [[[62, 0, 0, 0, 0, 0, 0], [16, 0, 0, 0, 0, 0, 0], [17, 0, 0, 0, 0, 0, 0], [11, 0, 0, 0, 0, 0, 0], [12, 0, 0, 0, 0, 0, 0], [11, 0, 0, 0, 0, 0, 0], [9, 0, 0, 0, 0, 0, 0]], [[62, 0, 0, 0, 0, 0, 0], [16, 0, 0, 0, 0, 0, 0], [17, 0, 0, 0, 0, 0, 0], [11, 0, 0, 0, 0, 0, 0], [12, 0, 0, 0, 0, 0, 0], [11, 0, 0, 0, 0, 0, 0], [9, 0, 0, 0, 0, 0, 0]], [[62, 0, 0, 0, 0, 0, 0], [16, 0, 0, 0, 0, 0, 0], [17, 0, 0, 0, 0, 0, 0], [11, 0, 0, 0, 0, 0, 0], [12, 0, 0, 0, 0, 0, 0], [11, 0, 0, 0, 0, 0, 0], [9, 0, 0, 0, 0, 0, 0]], [[62, 0, 0, 0, 0, 0, 0], [16, 0, 0, 0, 0, 0, 0], [17, 0, 0, 0, 0, 0, 0], [11, 0, 0, 0, 0, 0, 0], [12, 0, 0, 0, 0, 0, 0], [11, 0, 0, 0, 0, 0, 0], [9, 0, 0, 0, 0, 0, 0]], [[62, 0, 0, 0, 0, 0, 0], [16, 0, 0, 0, 0, 0, 0], [17, 0, 0, 0, 0, 0, 0], [11, 0, 0, 0, 0, 0, 0], [12, 0, 0, 0, 0, 0, 0], [11, 0, 0, 0, 0, 0, 0], [9, 0, 0, 0, 0, 0, 0]], [[62, 0, 0, 0, 0, 0, 0], [16, 0, 0, 0, 0, 0, 0], [17, 0, 0, 0, 0, 0, 0], [11, 0, 0, 0, 0, 0, 0], [12, 0, 0, 0, 0, 0, 0], [11, 0, 0, 0, 0, 0, 0], [9, 0, 0, 0, 0, 0, 0]], [[62, 0, 0, 0, 0, 0, 0], [16, 0, 0, 0, 0, 0, 0], [17, 0, 0, 0, 0, 0, 0], [11, 0, 0, 0, 0, 0, 0], [12, 0, 0, 0, 0, 0, 0], [11, 0, 0, 0, 0, 0, 0], [9, 0, 0, 0, 0, 0, 0]], [[62, 0, 0, 0, 0, 0, 0], [16, 0, 0, 0, 0, 0, 0], [17, 0, 0, 0, 0, 0, 0], [11, 0, 0, 0, 0, 0, 0], [12, 0, 0, 0, 0, 0, 0], [11, 0, 0, 0, 0, 0, 0], [9, 0, 0, 0, 0, 0, 0]]], 'roc_auc_micro': [0.6787439613526571, 0.6787439613526571, 0.6787439613526571, 0.6787439613526571, 0.6787439613526571, 0.6787439613526571, 0.6787439613526571, 0.6787439613526571], 'roc_auc_macro': [0.5, 0.5, 0.5, 0.5, 0.5, 0.5, 0.5, 0.5]}
[9,   100] loss: 0.082, time: 569.55 seconds
[9,   200] loss: 0.162, time: 573.65 seconds
[9,   300] loss: 0.246, time: 577.74 seconds
[9,   400] loss: 0.328, time: 581.93 seconds
[9,   500] loss: 0.413, time: 586.06 seconds
[9,   600] loss: 0.489, time: 590.64 seconds
[9,   700] loss: 0.565, time: 594.84 seconds
[9,   800] loss: 0.647, time: 599.07 seconds
[9,   900] loss: 0.731, time: 603.22 seconds
[9,  1000] loss: 0.810, time: 607.43 seconds
[9,  1100] loss: 0.891, time: 611.64 seconds
[9,  1200] loss: 0.967, time: 615.86 seconds
[9,  1300] loss: 1.046, time: 620.02 seconds
Epoch time 58.49
{'train_loss': [2558.218353688717, 2531.013210594654, 2522.5940400362015, 2514.959540784359, 2513.8179988265038, 2485.9560937583447, 2432.5664789378643, 2335.235237222165, 2237.833718009293], 'accuracy': [0.4492753623188406, 0.4492753623188406, 0.4492753623188406, 0.4492753623188406, 0.4492753623188406, 0.4492753623188406, 0.4492753623188406, 0.4492753623188406, 0.4492753623188406], 'recall': [0.4492753623188406, 0.4492753623188406, 0.4492753623188406, 0.4492753623188406, 0.4492753623188406, 0.4492753623188406, 0.4492753623188406, 0.4492753623188406, 0.4492753623188406], 'precision': [0.20184835118672548, 0.20184835118672548, 0.20184835118672548, 0.20184835118672548, 0.20184835118672548, 0.20184835118672548, 0.20184835118672548, 0.20184835118672548, 0.20184835118672548], 'f1': [0.27855072463768116, 0.27855072463768116, 0.27855072463768116, 0.27855072463768116, 0.27855072463768116, 0.27855072463768116, 0.27855072463768116, 0.27855072463768116, 0.27855072463768116], 'r2': [-0.7498828308076864, -0.7498828308076864, -0.7498828308076864, -0.7498828308076864, -0.7498828308076864, -0.7498828308076864, -0.7498828308076864, -0.7498828308076864, -0.7498828308076864], 'confusion_matrix': [[[62, 0, 0, 0, 0, 0, 0], [16, 0, 0, 0, 0, 0, 0], [17, 0, 0, 0, 0, 0, 0], [11, 0, 0, 0, 0, 0, 0], [12, 0, 0, 0, 0, 0, 0], [11, 0, 0, 0, 0, 0, 0], [9, 0, 0, 0, 0, 0, 0]], [[62, 0, 0, 0, 0, 0, 0], [16, 0, 0, 0, 0, 0, 0], [17, 0, 0, 0, 0, 0, 0], [11, 0, 0, 0, 0, 0, 0], [12, 0, 0, 0, 0, 0, 0], [11, 0, 0, 0, 0, 0, 0], [9, 0, 0, 0, 0, 0, 0]], [[62, 0, 0, 0, 0, 0, 0], [16, 0, 0, 0, 0, 0, 0], [17, 0, 0, 0, 0, 0, 0], [11, 0, 0, 0, 0, 0, 0], [12, 0, 0, 0, 0, 0, 0], [11, 0, 0, 0, 0, 0, 0], [9, 0, 0, 0, 0, 0, 0]], [[62, 0, 0, 0, 0, 0, 0], [16, 0, 0, 0, 0, 0, 0], [17, 0, 0, 0, 0, 0, 0], [11, 0, 0, 0, 0, 0, 0], [12, 0, 0, 0, 0, 0, 0], [11, 0, 0, 0, 0, 0, 0], [9, 0, 0, 0, 0, 0, 0]], [[62, 0, 0, 0, 0, 0, 0], [16, 0, 0, 0, 0, 0, 0], [17, 0, 0, 0, 0, 0, 0], [11, 0, 0, 0, 0, 0, 0], [12, 0, 0, 0, 0, 0, 0], [11, 0, 0, 0, 0, 0, 0], [9, 0, 0, 0, 0, 0, 0]], [[62, 0, 0, 0, 0, 0, 0], [16, 0, 0, 0, 0, 0, 0], [17, 0, 0, 0, 0, 0, 0], [11, 0, 0, 0, 0, 0, 0], [12, 0, 0, 0, 0, 0, 0], [11, 0, 0, 0, 0, 0, 0], [9, 0, 0, 0, 0, 0, 0]], [[62, 0, 0, 0, 0, 0, 0], [16, 0, 0, 0, 0, 0, 0], [17, 0, 0, 0, 0, 0, 0], [11, 0, 0, 0, 0, 0, 0], [12, 0, 0, 0, 0, 0, 0], [11, 0, 0, 0, 0, 0, 0], [9, 0, 0, 0, 0, 0, 0]], [[62, 0, 0, 0, 0, 0, 0], [16, 0, 0, 0, 0, 0, 0], [17, 0, 0, 0, 0, 0, 0], [11, 0, 0, 0, 0, 0, 0], [12, 0, 0, 0, 0, 0, 0], [11, 0, 0, 0, 0, 0, 0], [9, 0, 0, 0, 0, 0, 0]], [[62, 0, 0, 0, 0, 0, 0], [16, 0, 0, 0, 0, 0, 0], [17, 0, 0, 0, 0, 0, 0], [11, 0, 0, 0, 0, 0, 0], [12, 0, 0, 0, 0, 0, 0], [11, 0, 0, 0, 0, 0, 0], [9, 0, 0, 0, 0, 0, 0]]], 'roc_auc_micro': [0.6787439613526571, 0.6787439613526571, 0.6787439613526571, 0.6787439613526571, 0.6787439613526571, 0.6787439613526571, 0.6787439613526571, 0.6787439613526571, 0.6787439613526571], 'roc_auc_macro': [0.5, 0.5, 0.5, 0.5, 0.5, 0.5, 0.5, 0.5, 0.5]}
[10,   100] loss: 0.075, time: 629.55 seconds
[10,   200] loss: 0.146, time: 633.73 seconds
[10,   300] loss: 0.218, time: 637.86 seconds
[10,   400] loss: 0.291, time: 641.94 seconds
[10,   500] loss: 0.365, time: 646.22 seconds
[10,   600] loss: 0.439, time: 651.20 seconds
[10,   700] loss: 0.510, time: 655.65 seconds
[10,   800] loss: 0.583, time: 659.84 seconds
[10,   900] loss: 0.654, time: 664.02 seconds
[10,  1000] loss: 0.724, time: 668.23 seconds
[10,  1100] loss: 0.795, time: 672.47 seconds
[10,  1200] loss: 0.872, time: 2887.08 seconds
[10,  1300] loss: 0.948, time: 2980.51 seconds
Epoch time 2363.50
{'train_loss': [2558.218353688717, 2531.013210594654, 2522.5940400362015, 2514.959540784359, 2513.8179988265038, 2485.9560937583447, 2432.5664789378643, 2335.235237222165, 2237.833718009293, 2022.8023393033072], 'accuracy': [0.4492753623188406, 0.4492753623188406, 0.4492753623188406, 0.4492753623188406, 0.4492753623188406, 0.4492753623188406, 0.4492753623188406, 0.4492753623188406, 0.4492753623188406, 0.4492753623188406], 'recall': [0.4492753623188406, 0.4492753623188406, 0.4492753623188406, 0.4492753623188406, 0.4492753623188406, 0.4492753623188406, 0.4492753623188406, 0.4492753623188406, 0.4492753623188406, 0.4492753623188406], 'precision': [0.20184835118672548, 0.20184835118672548, 0.20184835118672548, 0.20184835118672548, 0.20184835118672548, 0.20184835118672548, 0.20184835118672548, 0.20184835118672548, 0.20184835118672548, 0.20184835118672548], 'f1': [0.27855072463768116, 0.27855072463768116, 0.27855072463768116, 0.27855072463768116, 0.27855072463768116, 0.27855072463768116, 0.27855072463768116, 0.27855072463768116, 0.27855072463768116, 0.27855072463768116], 'r2': [-0.7498828308076864, -0.7498828308076864, -0.7498828308076864, -0.7498828308076864, -0.7498828308076864, -0.7498828308076864, -0.7498828308076864, -0.7498828308076864, -0.7498828308076864, -0.7498828308076864], 'confusion_matrix': [[[62, 0, 0, 0, 0, 0, 0], [16, 0, 0, 0, 0, 0, 0], [17, 0, 0, 0, 0, 0, 0], [11, 0, 0, 0, 0, 0, 0], [12, 0, 0, 0, 0, 0, 0], [11, 0, 0, 0, 0, 0, 0], [9, 0, 0, 0, 0, 0, 0]], [[62, 0, 0, 0, 0, 0, 0], [16, 0, 0, 0, 0, 0, 0], [17, 0, 0, 0, 0, 0, 0], [11, 0, 0, 0, 0, 0, 0], [12, 0, 0, 0, 0, 0, 0], [11, 0, 0, 0, 0, 0, 0], [9, 0, 0, 0, 0, 0, 0]], [[62, 0, 0, 0, 0, 0, 0], [16, 0, 0, 0, 0, 0, 0], [17, 0, 0, 0, 0, 0, 0], [11, 0, 0, 0, 0, 0, 0], [12, 0, 0, 0, 0, 0, 0], [11, 0, 0, 0, 0, 0, 0], [9, 0, 0, 0, 0, 0, 0]], [[62, 0, 0, 0, 0, 0, 0], [16, 0, 0, 0, 0, 0, 0], [17, 0, 0, 0, 0, 0, 0], [11, 0, 0, 0, 0, 0, 0], [12, 0, 0, 0, 0, 0, 0], [11, 0, 0, 0, 0, 0, 0], [9, 0, 0, 0, 0, 0, 0]], [[62, 0, 0, 0, 0, 0, 0], [16, 0, 0, 0, 0, 0, 0], [17, 0, 0, 0, 0, 0, 0], [11, 0, 0, 0, 0, 0, 0], [12, 0, 0, 0, 0, 0, 0], [11, 0, 0, 0, 0, 0, 0], [9, 0, 0, 0, 0, 0, 0]], [[62, 0, 0, 0, 0, 0, 0], [16, 0, 0, 0, 0, 0, 0], [17, 0, 0, 0, 0, 0, 0], [11, 0, 0, 0, 0, 0, 0], [12, 0, 0, 0, 0, 0, 0], [11, 0, 0, 0, 0, 0, 0], [9, 0, 0, 0, 0, 0, 0]], [[62, 0, 0, 0, 0, 0, 0], [16, 0, 0, 0, 0, 0, 0], [17, 0, 0, 0, 0, 0, 0], [11, 0, 0, 0, 0, 0, 0], [12, 0, 0, 0, 0, 0, 0], [11, 0, 0, 0, 0, 0, 0], [9, 0, 0, 0, 0, 0, 0]], [[62, 0, 0, 0, 0, 0, 0], [16, 0, 0, 0, 0, 0, 0], [17, 0, 0, 0, 0, 0, 0], [11, 0, 0, 0, 0, 0, 0], [12, 0, 0, 0, 0, 0, 0], [11, 0, 0, 0, 0, 0, 0], [9, 0, 0, 0, 0, 0, 0]], [[62, 0, 0, 0, 0, 0, 0], [16, 0, 0, 0, 0, 0, 0], [17, 0, 0, 0, 0, 0, 0], [11, 0, 0, 0, 0, 0, 0], [12, 0, 0, 0, 0, 0, 0], [11, 0, 0, 0, 0, 0, 0], [9, 0, 0, 0, 0, 0, 0]], [[62, 0, 0, 0, 0, 0, 0], [16, 0, 0, 0, 0, 0, 0], [17, 0, 0, 0, 0, 0, 0], [11, 0, 0, 0, 0, 0, 0], [12, 0, 0, 0, 0, 0, 0], [11, 0, 0, 0, 0, 0, 0], [9, 0, 0, 0, 0, 0, 0]]], 'roc_auc_micro': [0.6787439613526571, 0.6787439613526571, 0.6787439613526571, 0.6787439613526571, 0.6787439613526571, 0.6787439613526571, 0.6787439613526571, 0.6787439613526571, 0.6787439613526571, 0.6787439613526571], 'roc_auc_macro': [0.5, 0.5, 0.5, 0.5, 0.5, 0.5, 0.5, 0.5, 0.5, 0.5]}
[11,   100] loss: 0.068, time: 2994.81 seconds
[11,   200] loss: 0.138, time: 2998.49 seconds
[11,   300] loss: 0.210, time: 3002.02 seconds
[11,   400] loss: 0.273, time: 3005.98 seconds
[11,   500] loss: 0.334, time: 3010.15 seconds
[11,   600] loss: 0.400, time: 3013.74 seconds
[11,   700] loss: 0.458, time: 3017.92 seconds
[11,   800] loss: 0.514, time: 3021.85 seconds
[11,   900] loss: 0.581, time: 3025.67 seconds
[11,  1000] loss: 0.649, time: 3029.48 seconds
[11,  1100] loss: 0.710, time: 3033.29 seconds
[11,  1200] loss: 0.775, time: 3037.36 seconds
[11,  1300] loss: 0.847, time: 3042.50 seconds
Epoch time 56.31
{'train_loss': [2558.218353688717, 2531.013210594654, 2522.5940400362015, 2514.959540784359, 2513.8179988265038, 2485.9560937583447, 2432.5664789378643, 2335.235237222165, 2237.833718009293, 2022.8023393033072, 1815.3553167258215], 'accuracy': [0.4492753623188406, 0.4492753623188406, 0.4492753623188406, 0.4492753623188406, 0.4492753623188406, 0.4492753623188406, 0.4492753623188406, 0.4492753623188406, 0.4492753623188406, 0.4492753623188406, 0.427536231884058], 'recall': [0.4492753623188406, 0.4492753623188406, 0.4492753623188406, 0.4492753623188406, 0.4492753623188406, 0.4492753623188406, 0.4492753623188406, 0.4492753623188406, 0.4492753623188406, 0.4492753623188406, 0.427536231884058], 'precision': [0.20184835118672548, 0.20184835118672548, 0.20184835118672548, 0.20184835118672548, 0.20184835118672548, 0.20184835118672548, 0.20184835118672548, 0.20184835118672548, 0.20184835118672548, 0.20184835118672548, 0.19930260433692926], 'f1': [0.27855072463768116, 0.27855072463768116, 0.27855072463768116, 0.27855072463768116, 0.27855072463768116, 0.27855072463768116, 0.27855072463768116, 0.27855072463768116, 0.27855072463768116, 0.27855072463768116, 0.271869193608324], 'r2': [-0.7498828308076864, -0.7498828308076864, -0.7498828308076864, -0.7498828308076864, -0.7498828308076864, -0.7498828308076864, -0.7498828308076864, -0.7498828308076864, -0.7498828308076864, -0.7498828308076864, -0.7426964536791127], 'confusion_matrix': [[[62, 0, 0, 0, 0, 0, 0], [16, 0, 0, 0, 0, 0, 0], [17, 0, 0, 0, 0, 0, 0], [11, 0, 0, 0, 0, 0, 0], [12, 0, 0, 0, 0, 0, 0], [11, 0, 0, 0, 0, 0, 0], [9, 0, 0, 0, 0, 0, 0]], [[62, 0, 0, 0, 0, 0, 0], [16, 0, 0, 0, 0, 0, 0], [17, 0, 0, 0, 0, 0, 0], [11, 0, 0, 0, 0, 0, 0], [12, 0, 0, 0, 0, 0, 0], [11, 0, 0, 0, 0, 0, 0], [9, 0, 0, 0, 0, 0, 0]], [[62, 0, 0, 0, 0, 0, 0], [16, 0, 0, 0, 0, 0, 0], [17, 0, 0, 0, 0, 0, 0], [11, 0, 0, 0, 0, 0, 0], [12, 0, 0, 0, 0, 0, 0], [11, 0, 0, 0, 0, 0, 0], [9, 0, 0, 0, 0, 0, 0]], [[62, 0, 0, 0, 0, 0, 0], [16, 0, 0, 0, 0, 0, 0], [17, 0, 0, 0, 0, 0, 0], [11, 0, 0, 0, 0, 0, 0], [12, 0, 0, 0, 0, 0, 0], [11, 0, 0, 0, 0, 0, 0], [9, 0, 0, 0, 0, 0, 0]], [[62, 0, 0, 0, 0, 0, 0], [16, 0, 0, 0, 0, 0, 0], [17, 0, 0, 0, 0, 0, 0], [11, 0, 0, 0, 0, 0, 0], [12, 0, 0, 0, 0, 0, 0], [11, 0, 0, 0, 0, 0, 0], [9, 0, 0, 0, 0, 0, 0]], [[62, 0, 0, 0, 0, 0, 0], [16, 0, 0, 0, 0, 0, 0], [17, 0, 0, 0, 0, 0, 0], [11, 0, 0, 0, 0, 0, 0], [12, 0, 0, 0, 0, 0, 0], [11, 0, 0, 0, 0, 0, 0], [9, 0, 0, 0, 0, 0, 0]], [[62, 0, 0, 0, 0, 0, 0], [16, 0, 0, 0, 0, 0, 0], [17, 0, 0, 0, 0, 0, 0], [11, 0, 0, 0, 0, 0, 0], [12, 0, 0, 0, 0, 0, 0], [11, 0, 0, 0, 0, 0, 0], [9, 0, 0, 0, 0, 0, 0]], [[62, 0, 0, 0, 0, 0, 0], [16, 0, 0, 0, 0, 0, 0], [17, 0, 0, 0, 0, 0, 0], [11, 0, 0, 0, 0, 0, 0], [12, 0, 0, 0, 0, 0, 0], [11, 0, 0, 0, 0, 0, 0], [9, 0, 0, 0, 0, 0, 0]], [[62, 0, 0, 0, 0, 0, 0], [16, 0, 0, 0, 0, 0, 0], [17, 0, 0, 0, 0, 0, 0], [11, 0, 0, 0, 0, 0, 0], [12, 0, 0, 0, 0, 0, 0], [11, 0, 0, 0, 0, 0, 0], [9, 0, 0, 0, 0, 0, 0]], [[62, 0, 0, 0, 0, 0, 0], [16, 0, 0, 0, 0, 0, 0], [17, 0, 0, 0, 0, 0, 0], [11, 0, 0, 0, 0, 0, 0], [12, 0, 0, 0, 0, 0, 0], [11, 0, 0, 0, 0, 0, 0], [9, 0, 0, 0, 0, 0, 0]], [[59, 0, 3, 0, 0, 0, 0], [16, 0, 0, 0, 0, 0, 0], [17, 0, 0, 0, 0, 0, 0], [9, 0, 2, 0, 0, 0, 0], [12, 0, 0, 0, 0, 0, 0], [11, 0, 0, 0, 0, 0, 0], [9, 0, 0, 0, 0, 0, 0]]], 'roc_auc_micro': [0.6787439613526571, 0.6787439613526571, 0.6787439613526571, 0.6787439613526571, 0.6787439613526571, 0.6787439613526571, 0.6787439613526571, 0.6787439613526571, 0.6787439613526571, 0.6787439613526571, 0.6660628019323672], 'roc_auc_macro': [0.5, 0.5, 0.5, 0.5, 0.5, 0.5, 0.5, 0.5, 0.5, 0.5, 0.49547188418927884]}
[12,   100] loss: 0.062, time: 3051.96 seconds
[12,   200] loss: 0.119, time: 3055.63 seconds
[12,   300] loss: 0.175, time: 3059.27 seconds
[12,   400] loss: 0.228, time: 3062.89 seconds
[12,   500] loss: 0.289, time: 3066.51 seconds
[12,   600] loss: 0.346, time: 3070.14 seconds
[12,   700] loss: 0.400, time: 3073.78 seconds
[12,   800] loss: 0.459, time: 3077.44 seconds
[12,   900] loss: 0.517, time: 3081.09 seconds
[12,  1000] loss: 0.575, time: 3084.74 seconds
[12,  1100] loss: 0.634, time: 3088.50 seconds
[12,  1200] loss: 0.688, time: 3092.42 seconds
[12,  1300] loss: 0.748, time: 3096.36 seconds
Epoch time 51.88
{'train_loss': [2558.218353688717, 2531.013210594654, 2522.5940400362015, 2514.959540784359, 2513.8179988265038, 2485.9560937583447, 2432.5664789378643, 2335.235237222165, 2237.833718009293, 2022.8023393033072, 1815.3553167258215, 1600.6984987364267], 'accuracy': [0.4492753623188406, 0.4492753623188406, 0.4492753623188406, 0.4492753623188406, 0.4492753623188406, 0.4492753623188406, 0.4492753623188406, 0.4492753623188406, 0.4492753623188406, 0.4492753623188406, 0.427536231884058, 0.4420289855072464], 'recall': [0.4492753623188406, 0.4492753623188406, 0.4492753623188406, 0.4492753623188406, 0.4492753623188406, 0.4492753623188406, 0.4492753623188406, 0.4492753623188406, 0.4492753623188406, 0.4492753623188406, 0.427536231884058, 0.4420289855072464], 'precision': [0.20184835118672548, 0.20184835118672548, 0.20184835118672548, 0.20184835118672548, 0.20184835118672548, 0.20184835118672548, 0.20184835118672548, 0.20184835118672548, 0.20184835118672548, 0.20184835118672548, 0.19930260433692926, 0.20452087389141252], 'f1': [0.27855072463768116, 0.27855072463768116, 0.27855072463768116, 0.27855072463768116, 0.27855072463768116, 0.27855072463768116, 0.27855072463768116, 0.27855072463768116, 0.27855072463768116, 0.27855072463768116, 0.271869193608324, 0.27965099083111505], 'r2': [-0.7498828308076864, -0.7498828308076864, -0.7498828308076864, -0.7498828308076864, -0.7498828308076864, -0.7498828308076864, -0.7498828308076864, -0.7498828308076864, -0.7498828308076864, -0.7498828308076864, -0.7426964536791127, -0.7786283393219811], 'confusion_matrix': [[[62, 0, 0, 0, 0, 0, 0], [16, 0, 0, 0, 0, 0, 0], [17, 0, 0, 0, 0, 0, 0], [11, 0, 0, 0, 0, 0, 0], [12, 0, 0, 0, 0, 0, 0], [11, 0, 0, 0, 0, 0, 0], [9, 0, 0, 0, 0, 0, 0]], [[62, 0, 0, 0, 0, 0, 0], [16, 0, 0, 0, 0, 0, 0], [17, 0, 0, 0, 0, 0, 0], [11, 0, 0, 0, 0, 0, 0], [12, 0, 0, 0, 0, 0, 0], [11, 0, 0, 0, 0, 0, 0], [9, 0, 0, 0, 0, 0, 0]], [[62, 0, 0, 0, 0, 0, 0], [16, 0, 0, 0, 0, 0, 0], [17, 0, 0, 0, 0, 0, 0], [11, 0, 0, 0, 0, 0, 0], [12, 0, 0, 0, 0, 0, 0], [11, 0, 0, 0, 0, 0, 0], [9, 0, 0, 0, 0, 0, 0]], [[62, 0, 0, 0, 0, 0, 0], [16, 0, 0, 0, 0, 0, 0], [17, 0, 0, 0, 0, 0, 0], [11, 0, 0, 0, 0, 0, 0], [12, 0, 0, 0, 0, 0, 0], [11, 0, 0, 0, 0, 0, 0], [9, 0, 0, 0, 0, 0, 0]], [[62, 0, 0, 0, 0, 0, 0], [16, 0, 0, 0, 0, 0, 0], [17, 0, 0, 0, 0, 0, 0], [11, 0, 0, 0, 0, 0, 0], [12, 0, 0, 0, 0, 0, 0], [11, 0, 0, 0, 0, 0, 0], [9, 0, 0, 0, 0, 0, 0]], [[62, 0, 0, 0, 0, 0, 0], [16, 0, 0, 0, 0, 0, 0], [17, 0, 0, 0, 0, 0, 0], [11, 0, 0, 0, 0, 0, 0], [12, 0, 0, 0, 0, 0, 0], [11, 0, 0, 0, 0, 0, 0], [9, 0, 0, 0, 0, 0, 0]], [[62, 0, 0, 0, 0, 0, 0], [16, 0, 0, 0, 0, 0, 0], [17, 0, 0, 0, 0, 0, 0], [11, 0, 0, 0, 0, 0, 0], [12, 0, 0, 0, 0, 0, 0], [11, 0, 0, 0, 0, 0, 0], [9, 0, 0, 0, 0, 0, 0]], [[62, 0, 0, 0, 0, 0, 0], [16, 0, 0, 0, 0, 0, 0], [17, 0, 0, 0, 0, 0, 0], [11, 0, 0, 0, 0, 0, 0], [12, 0, 0, 0, 0, 0, 0], [11, 0, 0, 0, 0, 0, 0], [9, 0, 0, 0, 0, 0, 0]], [[62, 0, 0, 0, 0, 0, 0], [16, 0, 0, 0, 0, 0, 0], [17, 0, 0, 0, 0, 0, 0], [11, 0, 0, 0, 0, 0, 0], [12, 0, 0, 0, 0, 0, 0], [11, 0, 0, 0, 0, 0, 0], [9, 0, 0, 0, 0, 0, 0]], [[62, 0, 0, 0, 0, 0, 0], [16, 0, 0, 0, 0, 0, 0], [17, 0, 0, 0, 0, 0, 0], [11, 0, 0, 0, 0, 0, 0], [12, 0, 0, 0, 0, 0, 0], [11, 0, 0, 0, 0, 0, 0], [9, 0, 0, 0, 0, 0, 0]], [[59, 0, 3, 0, 0, 0, 0], [16, 0, 0, 0, 0, 0, 0], [17, 0, 0, 0, 0, 0, 0], [9, 0, 2, 0, 0, 0, 0], [12, 0, 0, 0, 0, 0, 0], [11, 0, 0, 0, 0, 0, 0], [9, 0, 0, 0, 0, 0, 0]], [[61, 0, 0, 0, 1, 0, 0], [16, 0, 0, 0, 0, 0, 0], [14, 0, 0, 0, 3, 0, 0], [11, 0, 0, 0, 0, 0, 0], [12, 0, 0, 0, 0, 0, 0], [11, 0, 0, 0, 0, 0, 0], [9, 0, 0, 0, 0, 0, 0]]], 'roc_auc_micro': [0.6787439613526571, 0.6787439613526571, 0.6787439613526571, 0.6787439613526571, 0.6787439613526571, 0.6787439613526571, 0.6787439613526571, 0.6787439613526571, 0.6787439613526571, 0.6787439613526571, 0.6660628019323672, 0.6745169082125604], 'roc_auc_macro': [0.5, 0.5, 0.5, 0.5, 0.5, 0.5, 0.5, 0.5, 0.5, 0.5, 0.49547188418927884, 0.4993999014433164]}
[13,   100] loss: 0.049, time: 3105.13 seconds
[13,   200] loss: 0.101, time: 3109.03 seconds
[13,   300] loss: 0.150, time: 3112.93 seconds
[13,   400] loss: 0.205, time: 3116.81 seconds
[13,   500] loss: 0.253, time: 3120.67 seconds
[13,   600] loss: 0.301, time: 3124.57 seconds
[13,   700] loss: 0.359, time: 3128.45 seconds
[13,   800] loss: 0.405, time: 3132.85 seconds
[13,   900] loss: 0.457, time: 3136.75 seconds
[13,  1000] loss: 0.509, time: 3140.64 seconds
[13,  1100] loss: 0.561, time: 3144.58 seconds
[13,  1200] loss: 0.615, time: 3148.50 seconds
[13,  1300] loss: 0.665, time: 3152.45 seconds
Epoch time 54.96
{'train_loss': [2558.218353688717, 2531.013210594654, 2522.5940400362015, 2514.959540784359, 2513.8179988265038, 2485.9560937583447, 2432.5664789378643, 2335.235237222165, 2237.833718009293, 2022.8023393033072, 1815.3553167258215, 1600.6984987364267, 1418.735595316737], 'accuracy': [0.4492753623188406, 0.4492753623188406, 0.4492753623188406, 0.4492753623188406, 0.4492753623188406, 0.4492753623188406, 0.4492753623188406, 0.4492753623188406, 0.4492753623188406, 0.4492753623188406, 0.427536231884058, 0.4420289855072464, 0.4057971014492754], 'recall': [0.4492753623188406, 0.4492753623188406, 0.4492753623188406, 0.4492753623188406, 0.4492753623188406, 0.4492753623188406, 0.4492753623188406, 0.4492753623188406, 0.4492753623188406, 0.4492753623188406, 0.427536231884058, 0.4420289855072464, 0.4057971014492754], 'precision': [0.20184835118672548, 0.20184835118672548, 0.20184835118672548, 0.20184835118672548, 0.20184835118672548, 0.20184835118672548, 0.20184835118672548, 0.20184835118672548, 0.20184835118672548, 0.20184835118672548, 0.19930260433692926, 0.20452087389141252, 0.22264973707836347], 'f1': [0.27855072463768116, 0.27855072463768116, 0.27855072463768116, 0.27855072463768116, 0.27855072463768116, 0.27855072463768116, 0.27855072463768116, 0.27855072463768116, 0.27855072463768116, 0.27855072463768116, 0.271869193608324, 0.27965099083111505, 0.28753623188405797], 'r2': [-0.7498828308076864, -0.7498828308076864, -0.7498828308076864, -0.7498828308076864, -0.7498828308076864, -0.7498828308076864, -0.7498828308076864, -0.7498828308076864, -0.7498828308076864, -0.7498828308076864, -0.7426964536791127, -0.7786283393219811, -1.457740977972192], 'confusion_matrix': [[[62, 0, 0, 0, 0, 0, 0], [16, 0, 0, 0, 0, 0, 0], [17, 0, 0, 0, 0, 0, 0], [11, 0, 0, 0, 0, 0, 0], [12, 0, 0, 0, 0, 0, 0], [11, 0, 0, 0, 0, 0, 0], [9, 0, 0, 0, 0, 0, 0]], [[62, 0, 0, 0, 0, 0, 0], [16, 0, 0, 0, 0, 0, 0], [17, 0, 0, 0, 0, 0, 0], [11, 0, 0, 0, 0, 0, 0], [12, 0, 0, 0, 0, 0, 0], [11, 0, 0, 0, 0, 0, 0], [9, 0, 0, 0, 0, 0, 0]], [[62, 0, 0, 0, 0, 0, 0], [16, 0, 0, 0, 0, 0, 0], [17, 0, 0, 0, 0, 0, 0], [11, 0, 0, 0, 0, 0, 0], [12, 0, 0, 0, 0, 0, 0], [11, 0, 0, 0, 0, 0, 0], [9, 0, 0, 0, 0, 0, 0]], [[62, 0, 0, 0, 0, 0, 0], [16, 0, 0, 0, 0, 0, 0], [17, 0, 0, 0, 0, 0, 0], [11, 0, 0, 0, 0, 0, 0], [12, 0, 0, 0, 0, 0, 0], [11, 0, 0, 0, 0, 0, 0], [9, 0, 0, 0, 0, 0, 0]], [[62, 0, 0, 0, 0, 0, 0], [16, 0, 0, 0, 0, 0, 0], [17, 0, 0, 0, 0, 0, 0], [11, 0, 0, 0, 0, 0, 0], [12, 0, 0, 0, 0, 0, 0], [11, 0, 0, 0, 0, 0, 0], [9, 0, 0, 0, 0, 0, 0]], [[62, 0, 0, 0, 0, 0, 0], [16, 0, 0, 0, 0, 0, 0], [17, 0, 0, 0, 0, 0, 0], [11, 0, 0, 0, 0, 0, 0], [12, 0, 0, 0, 0, 0, 0], [11, 0, 0, 0, 0, 0, 0], [9, 0, 0, 0, 0, 0, 0]], [[62, 0, 0, 0, 0, 0, 0], [16, 0, 0, 0, 0, 0, 0], [17, 0, 0, 0, 0, 0, 0], [11, 0, 0, 0, 0, 0, 0], [12, 0, 0, 0, 0, 0, 0], [11, 0, 0, 0, 0, 0, 0], [9, 0, 0, 0, 0, 0, 0]], [[62, 0, 0, 0, 0, 0, 0], [16, 0, 0, 0, 0, 0, 0], [17, 0, 0, 0, 0, 0, 0], [11, 0, 0, 0, 0, 0, 0], [12, 0, 0, 0, 0, 0, 0], [11, 0, 0, 0, 0, 0, 0], [9, 0, 0, 0, 0, 0, 0]], [[62, 0, 0, 0, 0, 0, 0], [16, 0, 0, 0, 0, 0, 0], [17, 0, 0, 0, 0, 0, 0], [11, 0, 0, 0, 0, 0, 0], [12, 0, 0, 0, 0, 0, 0], [11, 0, 0, 0, 0, 0, 0], [9, 0, 0, 0, 0, 0, 0]], [[62, 0, 0, 0, 0, 0, 0], [16, 0, 0, 0, 0, 0, 0], [17, 0, 0, 0, 0, 0, 0], [11, 0, 0, 0, 0, 0, 0], [12, 0, 0, 0, 0, 0, 0], [11, 0, 0, 0, 0, 0, 0], [9, 0, 0, 0, 0, 0, 0]], [[59, 0, 3, 0, 0, 0, 0], [16, 0, 0, 0, 0, 0, 0], [17, 0, 0, 0, 0, 0, 0], [9, 0, 2, 0, 0, 0, 0], [12, 0, 0, 0, 0, 0, 0], [11, 0, 0, 0, 0, 0, 0], [9, 0, 0, 0, 0, 0, 0]], [[61, 0, 0, 0, 1, 0, 0], [16, 0, 0, 0, 0, 0, 0], [14, 0, 0, 0, 3, 0, 0], [11, 0, 0, 0, 0, 0, 0], [12, 0, 0, 0, 0, 0, 0], [11, 0, 0, 0, 0, 0, 0], [9, 0, 0, 0, 0, 0, 0]], [[56, 1, 0, 0, 1, 0, 4], [4, 0, 0, 0, 0, 0, 12], [14, 0, 0, 0, 0, 2, 1], [10, 0, 0, 0, 0, 1, 0], [12, 0, 0, 0, 0, 0, 0], [8, 0, 0, 0, 0, 0, 3], [9, 0, 0, 0, 0, 0, 0]]], 'roc_auc_micro': [0.6787439613526571, 0.6787439613526571, 0.6787439613526571, 0.6787439613526571, 0.6787439613526571, 0.6787439613526571, 0.6787439613526571, 0.6787439613526571, 0.6787439613526571, 0.6787439613526571, 0.6660628019323672, 0.6745169082125604, 0.6533816425120773], 'roc_auc_macro': [0.5, 0.5, 0.5, 0.5, 0.5, 0.5, 0.5, 0.5, 0.5, 0.5, 0.49547188418927884, 0.4993999014433164, 0.49703084073354376]}
[14,   100] loss: 0.044, time: 3161.52 seconds
[14,   200] loss: 0.097, time: 3165.56 seconds
[14,   300] loss: 0.139, time: 3169.55 seconds
[14,   400] loss: 0.199, time: 3173.61 seconds
[14,   500] loss: 0.244, time: 3177.66 seconds
[14,   600] loss: 0.292, time: 3181.73 seconds
[14,   700] loss: 0.339, time: 3185.80 seconds
[14,   800] loss: 0.382, time: 3189.81 seconds
[14,   900] loss: 0.430, time: 3193.97 seconds
[14,  1000] loss: 0.472, time: 3198.06 seconds
[14,  1100] loss: 0.527, time: 3202.19 seconds
[14,  1200] loss: 0.568, time: 3206.27 seconds
[14,  1300] loss: 0.610, time: 3210.54 seconds
Epoch time 56.85
{'train_loss': [2558.218353688717, 2531.013210594654, 2522.5940400362015, 2514.959540784359, 2513.8179988265038, 2485.9560937583447, 2432.5664789378643, 2335.235237222165, 2237.833718009293, 2022.8023393033072, 1815.3553167258215, 1600.6984987364267, 1418.735595316737, 1307.1857999788585], 'accuracy': [0.4492753623188406, 0.4492753623188406, 0.4492753623188406, 0.4492753623188406, 0.4492753623188406, 0.4492753623188406, 0.4492753623188406, 0.4492753623188406, 0.4492753623188406, 0.4492753623188406, 0.427536231884058, 0.4420289855072464, 0.4057971014492754, 0.391304347826087], 'recall': [0.4492753623188406, 0.4492753623188406, 0.4492753623188406, 0.4492753623188406, 0.4492753623188406, 0.4492753623188406, 0.4492753623188406, 0.4492753623188406, 0.4492753623188406, 0.4492753623188406, 0.427536231884058, 0.4420289855072464, 0.4057971014492754, 0.391304347826087], 'precision': [0.20184835118672548, 0.20184835118672548, 0.20184835118672548, 0.20184835118672548, 0.20184835118672548, 0.20184835118672548, 0.20184835118672548, 0.20184835118672548, 0.20184835118672548, 0.20184835118672548, 0.19930260433692926, 0.20452087389141252, 0.22264973707836347, 0.22961068485365158], 'f1': [0.27855072463768116, 0.27855072463768116, 0.27855072463768116, 0.27855072463768116, 0.27855072463768116, 0.27855072463768116, 0.27855072463768116, 0.27855072463768116, 0.27855072463768116, 0.27855072463768116, 0.271869193608324, 0.27965099083111505, 0.28753623188405797, 0.28811908408939163], 'r2': [-0.7498828308076864, -0.7498828308076864, -0.7498828308076864, -0.7498828308076864, -0.7498828308076864, -0.7498828308076864, -0.7498828308076864, -0.7498828308076864, -0.7498828308076864, -0.7498828308076864, -0.7426964536791127, -0.7786283393219811, -1.457740977972192, -0.9960162474613343], 'confusion_matrix': [[[62, 0, 0, 0, 0, 0, 0], [16, 0, 0, 0, 0, 0, 0], [17, 0, 0, 0, 0, 0, 0], [11, 0, 0, 0, 0, 0, 0], [12, 0, 0, 0, 0, 0, 0], [11, 0, 0, 0, 0, 0, 0], [9, 0, 0, 0, 0, 0, 0]], [[62, 0, 0, 0, 0, 0, 0], [16, 0, 0, 0, 0, 0, 0], [17, 0, 0, 0, 0, 0, 0], [11, 0, 0, 0, 0, 0, 0], [12, 0, 0, 0, 0, 0, 0], [11, 0, 0, 0, 0, 0, 0], [9, 0, 0, 0, 0, 0, 0]], [[62, 0, 0, 0, 0, 0, 0], [16, 0, 0, 0, 0, 0, 0], [17, 0, 0, 0, 0, 0, 0], [11, 0, 0, 0, 0, 0, 0], [12, 0, 0, 0, 0, 0, 0], [11, 0, 0, 0, 0, 0, 0], [9, 0, 0, 0, 0, 0, 0]], [[62, 0, 0, 0, 0, 0, 0], [16, 0, 0, 0, 0, 0, 0], [17, 0, 0, 0, 0, 0, 0], [11, 0, 0, 0, 0, 0, 0], [12, 0, 0, 0, 0, 0, 0], [11, 0, 0, 0, 0, 0, 0], [9, 0, 0, 0, 0, 0, 0]], [[62, 0, 0, 0, 0, 0, 0], [16, 0, 0, 0, 0, 0, 0], [17, 0, 0, 0, 0, 0, 0], [11, 0, 0, 0, 0, 0, 0], [12, 0, 0, 0, 0, 0, 0], [11, 0, 0, 0, 0, 0, 0], [9, 0, 0, 0, 0, 0, 0]], [[62, 0, 0, 0, 0, 0, 0], [16, 0, 0, 0, 0, 0, 0], [17, 0, 0, 0, 0, 0, 0], [11, 0, 0, 0, 0, 0, 0], [12, 0, 0, 0, 0, 0, 0], [11, 0, 0, 0, 0, 0, 0], [9, 0, 0, 0, 0, 0, 0]], [[62, 0, 0, 0, 0, 0, 0], [16, 0, 0, 0, 0, 0, 0], [17, 0, 0, 0, 0, 0, 0], [11, 0, 0, 0, 0, 0, 0], [12, 0, 0, 0, 0, 0, 0], [11, 0, 0, 0, 0, 0, 0], [9, 0, 0, 0, 0, 0, 0]], [[62, 0, 0, 0, 0, 0, 0], [16, 0, 0, 0, 0, 0, 0], [17, 0, 0, 0, 0, 0, 0], [11, 0, 0, 0, 0, 0, 0], [12, 0, 0, 0, 0, 0, 0], [11, 0, 0, 0, 0, 0, 0], [9, 0, 0, 0, 0, 0, 0]], [[62, 0, 0, 0, 0, 0, 0], [16, 0, 0, 0, 0, 0, 0], [17, 0, 0, 0, 0, 0, 0], [11, 0, 0, 0, 0, 0, 0], [12, 0, 0, 0, 0, 0, 0], [11, 0, 0, 0, 0, 0, 0], [9, 0, 0, 0, 0, 0, 0]], [[62, 0, 0, 0, 0, 0, 0], [16, 0, 0, 0, 0, 0, 0], [17, 0, 0, 0, 0, 0, 0], [11, 0, 0, 0, 0, 0, 0], [12, 0, 0, 0, 0, 0, 0], [11, 0, 0, 0, 0, 0, 0], [9, 0, 0, 0, 0, 0, 0]], [[59, 0, 3, 0, 0, 0, 0], [16, 0, 0, 0, 0, 0, 0], [17, 0, 0, 0, 0, 0, 0], [9, 0, 2, 0, 0, 0, 0], [12, 0, 0, 0, 0, 0, 0], [11, 0, 0, 0, 0, 0, 0], [9, 0, 0, 0, 0, 0, 0]], [[61, 0, 0, 0, 1, 0, 0], [16, 0, 0, 0, 0, 0, 0], [14, 0, 0, 0, 3, 0, 0], [11, 0, 0, 0, 0, 0, 0], [12, 0, 0, 0, 0, 0, 0], [11, 0, 0, 0, 0, 0, 0], [9, 0, 0, 0, 0, 0, 0]], [[56, 1, 0, 0, 1, 0, 4], [4, 0, 0, 0, 0, 0, 12], [14, 0, 0, 0, 0, 2, 1], [10, 0, 0, 0, 0, 1, 0], [12, 0, 0, 0, 0, 0, 0], [8, 0, 0, 0, 0, 0, 3], [9, 0, 0, 0, 0, 0, 0]], [[50, 1, 0, 0, 0, 11, 0], [12, 0, 0, 0, 0, 4, 0], [11, 0, 0, 0, 0, 6, 0], [6, 0, 0, 0, 0, 5, 0], [9, 0, 0, 0, 0, 3, 0], [6, 0, 0, 0, 0, 4, 1], [8, 0, 0, 0, 0, 1, 0]]], 'roc_auc_micro': [0.6787439613526571, 0.6787439613526571, 0.6787439613526571, 0.6787439613526571, 0.6787439613526571, 0.6787439613526571, 0.6787439613526571, 0.6787439613526571, 0.6787439613526571, 0.6787439613526571, 0.6660628019323672, 0.6745169082125604, 0.6533816425120773, 0.644927536231884], 'roc_auc_macro': [0.5, 0.5, 0.5, 0.5, 0.5, 0.5, 0.5, 0.5, 0.5, 0.5, 0.49547188418927884, 0.4993999014433164, 0.49703084073354376, 0.5166934513204916]}
[15,   100] loss: 0.037, time: 3219.75 seconds
[15,   200] loss: 0.075, time: 3223.85 seconds
[15,   300] loss: 0.124, time: 3228.00 seconds
[15,   400] loss: 0.164, time: 3232.05 seconds
[15,   500] loss: 0.206, time: 3236.11 seconds
[15,   600] loss: 0.244, time: 3240.20 seconds
[15,   700] loss: 0.290, time: 3244.30 seconds
[15,   800] loss: 0.328, time: 3248.40 seconds
[15,   900] loss: 0.381, time: 3252.50 seconds
[15,  1000] loss: 0.424, time: 3256.58 seconds
[15,  1100] loss: 0.474, time: 3260.76 seconds
[15,  1200] loss: 0.516, time: 3265.03 seconds
[15,  1300] loss: 0.552, time: 3269.26 seconds
Epoch time 57.76
{'train_loss': [2558.218353688717, 2531.013210594654, 2522.5940400362015, 2514.959540784359, 2513.8179988265038, 2485.9560937583447, 2432.5664789378643, 2335.235237222165, 2237.833718009293, 2022.8023393033072, 1815.3553167258215, 1600.6984987364267, 1418.735595316737, 1307.1857999788585, 1186.5004926597958], 'accuracy': [0.4492753623188406, 0.4492753623188406, 0.4492753623188406, 0.4492753623188406, 0.4492753623188406, 0.4492753623188406, 0.4492753623188406, 0.4492753623188406, 0.4492753623188406, 0.4492753623188406, 0.427536231884058, 0.4420289855072464, 0.4057971014492754, 0.391304347826087, 0.4420289855072464], 'recall': [0.4492753623188406, 0.4492753623188406, 0.4492753623188406, 0.4492753623188406, 0.4492753623188406, 0.4492753623188406, 0.4492753623188406, 0.4492753623188406, 0.4492753623188406, 0.4492753623188406, 0.427536231884058, 0.4420289855072464, 0.4057971014492754, 0.391304347826087, 0.4420289855072464], 'precision': [0.20184835118672548, 0.20184835118672548, 0.20184835118672548, 0.20184835118672548, 0.20184835118672548, 0.20184835118672548, 0.20184835118672548, 0.20184835118672548, 0.20184835118672548, 0.20184835118672548, 0.19930260433692926, 0.20452087389141252, 0.22264973707836347, 0.22961068485365158, 0.23953301127214172], 'f1': [0.27855072463768116, 0.27855072463768116, 0.27855072463768116, 0.27855072463768116, 0.27855072463768116, 0.27855072463768116, 0.27855072463768116, 0.27855072463768116, 0.27855072463768116, 0.27855072463768116, 0.271869193608324, 0.27965099083111505, 0.28753623188405797, 0.28811908408939163, 0.2859333706828741], 'r2': [-0.7498828308076864, -0.7498828308076864, -0.7498828308076864, -0.7498828308076864, -0.7498828308076864, -0.7498828308076864, -0.7498828308076864, -0.7498828308076864, -0.7498828308076864, -0.7498828308076864, -0.7426964536791127, -0.7786283393219811, -1.457740977972192, -0.9960162474613343, -0.75706920793626], 'confusion_matrix': [[[62, 0, 0, 0, 0, 0, 0], [16, 0, 0, 0, 0, 0, 0], [17, 0, 0, 0, 0, 0, 0], [11, 0, 0, 0, 0, 0, 0], [12, 0, 0, 0, 0, 0, 0], [11, 0, 0, 0, 0, 0, 0], [9, 0, 0, 0, 0, 0, 0]], [[62, 0, 0, 0, 0, 0, 0], [16, 0, 0, 0, 0, 0, 0], [17, 0, 0, 0, 0, 0, 0], [11, 0, 0, 0, 0, 0, 0], [12, 0, 0, 0, 0, 0, 0], [11, 0, 0, 0, 0, 0, 0], [9, 0, 0, 0, 0, 0, 0]], [[62, 0, 0, 0, 0, 0, 0], [16, 0, 0, 0, 0, 0, 0], [17, 0, 0, 0, 0, 0, 0], [11, 0, 0, 0, 0, 0, 0], [12, 0, 0, 0, 0, 0, 0], [11, 0, 0, 0, 0, 0, 0], [9, 0, 0, 0, 0, 0, 0]], [[62, 0, 0, 0, 0, 0, 0], [16, 0, 0, 0, 0, 0, 0], [17, 0, 0, 0, 0, 0, 0], [11, 0, 0, 0, 0, 0, 0], [12, 0, 0, 0, 0, 0, 0], [11, 0, 0, 0, 0, 0, 0], [9, 0, 0, 0, 0, 0, 0]], [[62, 0, 0, 0, 0, 0, 0], [16, 0, 0, 0, 0, 0, 0], [17, 0, 0, 0, 0, 0, 0], [11, 0, 0, 0, 0, 0, 0], [12, 0, 0, 0, 0, 0, 0], [11, 0, 0, 0, 0, 0, 0], [9, 0, 0, 0, 0, 0, 0]], [[62, 0, 0, 0, 0, 0, 0], [16, 0, 0, 0, 0, 0, 0], [17, 0, 0, 0, 0, 0, 0], [11, 0, 0, 0, 0, 0, 0], [12, 0, 0, 0, 0, 0, 0], [11, 0, 0, 0, 0, 0, 0], [9, 0, 0, 0, 0, 0, 0]], [[62, 0, 0, 0, 0, 0, 0], [16, 0, 0, 0, 0, 0, 0], [17, 0, 0, 0, 0, 0, 0], [11, 0, 0, 0, 0, 0, 0], [12, 0, 0, 0, 0, 0, 0], [11, 0, 0, 0, 0, 0, 0], [9, 0, 0, 0, 0, 0, 0]], [[62, 0, 0, 0, 0, 0, 0], [16, 0, 0, 0, 0, 0, 0], [17, 0, 0, 0, 0, 0, 0], [11, 0, 0, 0, 0, 0, 0], [12, 0, 0, 0, 0, 0, 0], [11, 0, 0, 0, 0, 0, 0], [9, 0, 0, 0, 0, 0, 0]], [[62, 0, 0, 0, 0, 0, 0], [16, 0, 0, 0, 0, 0, 0], [17, 0, 0, 0, 0, 0, 0], [11, 0, 0, 0, 0, 0, 0], [12, 0, 0, 0, 0, 0, 0], [11, 0, 0, 0, 0, 0, 0], [9, 0, 0, 0, 0, 0, 0]], [[62, 0, 0, 0, 0, 0, 0], [16, 0, 0, 0, 0, 0, 0], [17, 0, 0, 0, 0, 0, 0], [11, 0, 0, 0, 0, 0, 0], [12, 0, 0, 0, 0, 0, 0], [11, 0, 0, 0, 0, 0, 0], [9, 0, 0, 0, 0, 0, 0]], [[59, 0, 3, 0, 0, 0, 0], [16, 0, 0, 0, 0, 0, 0], [17, 0, 0, 0, 0, 0, 0], [9, 0, 2, 0, 0, 0, 0], [12, 0, 0, 0, 0, 0, 0], [11, 0, 0, 0, 0, 0, 0], [9, 0, 0, 0, 0, 0, 0]], [[61, 0, 0, 0, 1, 0, 0], [16, 0, 0, 0, 0, 0, 0], [14, 0, 0, 0, 3, 0, 0], [11, 0, 0, 0, 0, 0, 0], [12, 0, 0, 0, 0, 0, 0], [11, 0, 0, 0, 0, 0, 0], [9, 0, 0, 0, 0, 0, 0]], [[56, 1, 0, 0, 1, 0, 4], [4, 0, 0, 0, 0, 0, 12], [14, 0, 0, 0, 0, 2, 1], [10, 0, 0, 0, 0, 1, 0], [12, 0, 0, 0, 0, 0, 0], [8, 0, 0, 0, 0, 0, 3], [9, 0, 0, 0, 0, 0, 0]], [[50, 1, 0, 0, 0, 11, 0], [12, 0, 0, 0, 0, 4, 0], [11, 0, 0, 0, 0, 6, 0], [6, 0, 0, 0, 0, 5, 0], [9, 0, 0, 0, 0, 3, 0], [6, 0, 0, 0, 0, 4, 1], [8, 0, 0, 0, 0, 1, 0]], [[60, 0, 1, 1, 0, 0, 0], [16, 0, 0, 0, 0, 0, 0], [17, 0, 0, 0, 0, 0, 0], [10, 0, 0, 1, 0, 0, 0], [12, 0, 0, 0, 0, 0, 0], [11, 0, 0, 0, 0, 0, 0], [9, 0, 0, 0, 0, 0, 0]]], 'roc_auc_micro': [0.6787439613526571, 0.6787439613526571, 0.6787439613526571, 0.6787439613526571, 0.6787439613526571, 0.6787439613526571, 0.6787439613526571, 0.6787439613526571, 0.6787439613526571, 0.6787439613526571, 0.6660628019323672, 0.6745169082125604, 0.6533816425120773, 0.644927536231884, 0.6745169082125604], 'roc_auc_macro': [0.5, 0.5, 0.5, 0.5, 0.5, 0.5, 0.5, 0.5, 0.5, 0.5, 0.49547188418927884, 0.4993999014433164, 0.49703084073354376, 0.5166934513204916, 0.5039764601837039]}
[16,   100] loss: 0.035, time: 3283.62 seconds
[16,   200] loss: 0.067, time: 3289.47 seconds
[16,   300] loss: 0.101, time: 3294.31 seconds
[16,   400] loss: 0.136, time: 3300.00 seconds
[16,   500] loss: 0.172, time: 3304.52 seconds
[16,   600] loss: 0.205, time: 3308.88 seconds
[16,   700] loss: 0.248, time: 3313.28 seconds
[16,   800] loss: 0.290, time: 3318.05 seconds
[16,   900] loss: 0.326, time: 3323.26 seconds
[16,  1000] loss: 0.362, time: 3328.33 seconds
[16,  1100] loss: 0.402, time: 3332.75 seconds
[16,  1200] loss: 0.446, time: 3337.71 seconds
[16,  1300] loss: 0.483, time: 3342.00 seconds
Epoch time 70.20
{'train_loss': [2558.218353688717, 2531.013210594654, 2522.5940400362015, 2514.959540784359, 2513.8179988265038, 2485.9560937583447, 2432.5664789378643, 2335.235237222165, 2237.833718009293, 2022.8023393033072, 1815.3553167258215, 1600.6984987364267, 1418.735595316737, 1307.1857999788585, 1186.5004926597958, 1046.5211455786994], 'accuracy': [0.4492753623188406, 0.4492753623188406, 0.4492753623188406, 0.4492753623188406, 0.4492753623188406, 0.4492753623188406, 0.4492753623188406, 0.4492753623188406, 0.4492753623188406, 0.4492753623188406, 0.427536231884058, 0.4420289855072464, 0.4057971014492754, 0.391304347826087, 0.4420289855072464, 0.427536231884058], 'recall': [0.4492753623188406, 0.4492753623188406, 0.4492753623188406, 0.4492753623188406, 0.4492753623188406, 0.4492753623188406, 0.4492753623188406, 0.4492753623188406, 0.4492753623188406, 0.4492753623188406, 0.427536231884058, 0.4420289855072464, 0.4057971014492754, 0.391304347826087, 0.4420289855072464, 0.427536231884058], 'precision': [0.20184835118672548, 0.20184835118672548, 0.20184835118672548, 0.20184835118672548, 0.20184835118672548, 0.20184835118672548, 0.20184835118672548, 0.20184835118672548, 0.20184835118672548, 0.20184835118672548, 0.19930260433692926, 0.20452087389141252, 0.22264973707836347, 0.22961068485365158, 0.23953301127214172, 0.3002232777168839], 'f1': [0.27855072463768116, 0.27855072463768116, 0.27855072463768116, 0.27855072463768116, 0.27855072463768116, 0.27855072463768116, 0.27855072463768116, 0.27855072463768116, 0.27855072463768116, 0.27855072463768116, 0.271869193608324, 0.27965099083111505, 0.28753623188405797, 0.28811908408939163, 0.2859333706828741, 0.3023855864956033], 'r2': [-0.7498828308076864, -0.7498828308076864, -0.7498828308076864, -0.7498828308076864, -0.7498828308076864, -0.7498828308076864, -0.7498828308076864, -0.7498828308076864, -0.7498828308076864, -0.7498828308076864, -0.7426964536791127, -0.7786283393219811, -1.457740977972192, -0.9960162474613343, -0.75706920793626, -0.9385252304327449], 'confusion_matrix': [[[62, 0, 0, 0, 0, 0, 0], [16, 0, 0, 0, 0, 0, 0], [17, 0, 0, 0, 0, 0, 0], [11, 0, 0, 0, 0, 0, 0], [12, 0, 0, 0, 0, 0, 0], [11, 0, 0, 0, 0, 0, 0], [9, 0, 0, 0, 0, 0, 0]], [[62, 0, 0, 0, 0, 0, 0], [16, 0, 0, 0, 0, 0, 0], [17, 0, 0, 0, 0, 0, 0], [11, 0, 0, 0, 0, 0, 0], [12, 0, 0, 0, 0, 0, 0], [11, 0, 0, 0, 0, 0, 0], [9, 0, 0, 0, 0, 0, 0]], [[62, 0, 0, 0, 0, 0, 0], [16, 0, 0, 0, 0, 0, 0], [17, 0, 0, 0, 0, 0, 0], [11, 0, 0, 0, 0, 0, 0], [12, 0, 0, 0, 0, 0, 0], [11, 0, 0, 0, 0, 0, 0], [9, 0, 0, 0, 0, 0, 0]], [[62, 0, 0, 0, 0, 0, 0], [16, 0, 0, 0, 0, 0, 0], [17, 0, 0, 0, 0, 0, 0], [11, 0, 0, 0, 0, 0, 0], [12, 0, 0, 0, 0, 0, 0], [11, 0, 0, 0, 0, 0, 0], [9, 0, 0, 0, 0, 0, 0]], [[62, 0, 0, 0, 0, 0, 0], [16, 0, 0, 0, 0, 0, 0], [17, 0, 0, 0, 0, 0, 0], [11, 0, 0, 0, 0, 0, 0], [12, 0, 0, 0, 0, 0, 0], [11, 0, 0, 0, 0, 0, 0], [9, 0, 0, 0, 0, 0, 0]], [[62, 0, 0, 0, 0, 0, 0], [16, 0, 0, 0, 0, 0, 0], [17, 0, 0, 0, 0, 0, 0], [11, 0, 0, 0, 0, 0, 0], [12, 0, 0, 0, 0, 0, 0], [11, 0, 0, 0, 0, 0, 0], [9, 0, 0, 0, 0, 0, 0]], [[62, 0, 0, 0, 0, 0, 0], [16, 0, 0, 0, 0, 0, 0], [17, 0, 0, 0, 0, 0, 0], [11, 0, 0, 0, 0, 0, 0], [12, 0, 0, 0, 0, 0, 0], [11, 0, 0, 0, 0, 0, 0], [9, 0, 0, 0, 0, 0, 0]], [[62, 0, 0, 0, 0, 0, 0], [16, 0, 0, 0, 0, 0, 0], [17, 0, 0, 0, 0, 0, 0], [11, 0, 0, 0, 0, 0, 0], [12, 0, 0, 0, 0, 0, 0], [11, 0, 0, 0, 0, 0, 0], [9, 0, 0, 0, 0, 0, 0]], [[62, 0, 0, 0, 0, 0, 0], [16, 0, 0, 0, 0, 0, 0], [17, 0, 0, 0, 0, 0, 0], [11, 0, 0, 0, 0, 0, 0], [12, 0, 0, 0, 0, 0, 0], [11, 0, 0, 0, 0, 0, 0], [9, 0, 0, 0, 0, 0, 0]], [[62, 0, 0, 0, 0, 0, 0], [16, 0, 0, 0, 0, 0, 0], [17, 0, 0, 0, 0, 0, 0], [11, 0, 0, 0, 0, 0, 0], [12, 0, 0, 0, 0, 0, 0], [11, 0, 0, 0, 0, 0, 0], [9, 0, 0, 0, 0, 0, 0]], [[59, 0, 3, 0, 0, 0, 0], [16, 0, 0, 0, 0, 0, 0], [17, 0, 0, 0, 0, 0, 0], [9, 0, 2, 0, 0, 0, 0], [12, 0, 0, 0, 0, 0, 0], [11, 0, 0, 0, 0, 0, 0], [9, 0, 0, 0, 0, 0, 0]], [[61, 0, 0, 0, 1, 0, 0], [16, 0, 0, 0, 0, 0, 0], [14, 0, 0, 0, 3, 0, 0], [11, 0, 0, 0, 0, 0, 0], [12, 0, 0, 0, 0, 0, 0], [11, 0, 0, 0, 0, 0, 0], [9, 0, 0, 0, 0, 0, 0]], [[56, 1, 0, 0, 1, 0, 4], [4, 0, 0, 0, 0, 0, 12], [14, 0, 0, 0, 0, 2, 1], [10, 0, 0, 0, 0, 1, 0], [12, 0, 0, 0, 0, 0, 0], [8, 0, 0, 0, 0, 0, 3], [9, 0, 0, 0, 0, 0, 0]], [[50, 1, 0, 0, 0, 11, 0], [12, 0, 0, 0, 0, 4, 0], [11, 0, 0, 0, 0, 6, 0], [6, 0, 0, 0, 0, 5, 0], [9, 0, 0, 0, 0, 3, 0], [6, 0, 0, 0, 0, 4, 1], [8, 0, 0, 0, 0, 1, 0]], [[60, 0, 1, 1, 0, 0, 0], [16, 0, 0, 0, 0, 0, 0], [17, 0, 0, 0, 0, 0, 0], [10, 0, 0, 1, 0, 0, 0], [12, 0, 0, 0, 0, 0, 0], [11, 0, 0, 0, 0, 0, 0], [9, 0, 0, 0, 0, 0, 0]], [[57, 1, 1, 0, 0, 3, 0], [11, 0, 0, 0, 0, 5, 0], [14, 0, 0, 0, 0, 3, 0], [7, 0, 0, 1, 0, 3, 0], [12, 0, 0, 0, 0, 0, 0], [9, 0, 1, 0, 0, 1, 0], [9, 0, 0, 0, 0, 0, 0]]], 'roc_auc_micro': [0.6787439613526571, 0.6787439613526571, 0.6787439613526571, 0.6787439613526571, 0.6787439613526571, 0.6787439613526571, 0.6787439613526571, 0.6787439613526571, 0.6787439613526571, 0.6787439613526571, 0.6660628019323672, 0.6745169082125604, 0.6533816425120773, 0.644927536231884, 0.6745169082125604, 0.6660628019323672], 'roc_auc_macro': [0.5, 0.5, 0.5, 0.5, 0.5, 0.5, 0.5, 0.5, 0.5, 0.5, 0.49547188418927884, 0.4993999014433164, 0.49703084073354376, 0.5166934513204916, 0.5039764601837039, 0.5107444056742784]}
[17,   100] loss: 0.032, time: 3351.77 seconds
[17,   200] loss: 0.061, time: 3355.92 seconds
[17,   300] loss: 0.109, time: 3360.16 seconds
[17,   400] loss: 0.135, time: 3364.44 seconds
[17,   500] loss: 0.174, time: 3369.75 seconds
[17,   600] loss: 0.209, time: 3374.13 seconds
[17,   700] loss: 0.246, time: 3378.41 seconds
[17,   800] loss: 0.278, time: 3383.47 seconds
[17,   900] loss: 0.311, time: 3388.50 seconds
[17,  1000] loss: 0.348, time: 3392.88 seconds
[17,  1100] loss: 0.377, time: 3397.16 seconds
[17,  1200] loss: 0.411, time: 3402.18 seconds
[17,  1300] loss: 0.435, time: 3407.53 seconds
Epoch time 64.53
{'train_loss': [2558.218353688717, 2531.013210594654, 2522.5940400362015, 2514.959540784359, 2513.8179988265038, 2485.9560937583447, 2432.5664789378643, 2335.235237222165, 2237.833718009293, 2022.8023393033072, 1815.3553167258215, 1600.6984987364267, 1418.735595316737, 1307.1857999788585, 1186.5004926597958, 1046.5211455786994, 943.3352795762378], 'accuracy': [0.4492753623188406, 0.4492753623188406, 0.4492753623188406, 0.4492753623188406, 0.4492753623188406, 0.4492753623188406, 0.4492753623188406, 0.4492753623188406, 0.4492753623188406, 0.4492753623188406, 0.427536231884058, 0.4420289855072464, 0.4057971014492754, 0.391304347826087, 0.4420289855072464, 0.427536231884058, 0.42028985507246375], 'recall': [0.4492753623188406, 0.4492753623188406, 0.4492753623188406, 0.4492753623188406, 0.4492753623188406, 0.4492753623188406, 0.4492753623188406, 0.4492753623188406, 0.4492753623188406, 0.4492753623188406, 0.427536231884058, 0.4420289855072464, 0.4057971014492754, 0.391304347826087, 0.4420289855072464, 0.427536231884058, 0.42028985507246375], 'precision': [0.20184835118672548, 0.20184835118672548, 0.20184835118672548, 0.20184835118672548, 0.20184835118672548, 0.20184835118672548, 0.20184835118672548, 0.20184835118672548, 0.20184835118672548, 0.20184835118672548, 0.19930260433692926, 0.20452087389141252, 0.22264973707836347, 0.22961068485365158, 0.23953301127214172, 0.3002232777168839, 0.23433215824520173], 'f1': [0.27855072463768116, 0.27855072463768116, 0.27855072463768116, 0.27855072463768116, 0.27855072463768116, 0.27855072463768116, 0.27855072463768116, 0.27855072463768116, 0.27855072463768116, 0.27855072463768116, 0.271869193608324, 0.27965099083111505, 0.28753623188405797, 0.28811908408939163, 0.2859333706828741, 0.3023855864956033, 0.3008852028706263], 'r2': [-0.7498828308076864, -0.7498828308076864, -0.7498828308076864, -0.7498828308076864, -0.7498828308076864, -0.7498828308076864, -0.7498828308076864, -0.7498828308076864, -0.7498828308076864, -0.7498828308076864, -0.7426964536791127, -0.7786283393219811, -1.457740977972192, -0.9960162474613343, -0.75706920793626, -0.9385252304327449, -1.1325574129042337], 'confusion_matrix': [[[62, 0, 0, 0, 0, 0, 0], [16, 0, 0, 0, 0, 0, 0], [17, 0, 0, 0, 0, 0, 0], [11, 0, 0, 0, 0, 0, 0], [12, 0, 0, 0, 0, 0, 0], [11, 0, 0, 0, 0, 0, 0], [9, 0, 0, 0, 0, 0, 0]], [[62, 0, 0, 0, 0, 0, 0], [16, 0, 0, 0, 0, 0, 0], [17, 0, 0, 0, 0, 0, 0], [11, 0, 0, 0, 0, 0, 0], [12, 0, 0, 0, 0, 0, 0], [11, 0, 0, 0, 0, 0, 0], [9, 0, 0, 0, 0, 0, 0]], [[62, 0, 0, 0, 0, 0, 0], [16, 0, 0, 0, 0, 0, 0], [17, 0, 0, 0, 0, 0, 0], [11, 0, 0, 0, 0, 0, 0], [12, 0, 0, 0, 0, 0, 0], [11, 0, 0, 0, 0, 0, 0], [9, 0, 0, 0, 0, 0, 0]], [[62, 0, 0, 0, 0, 0, 0], [16, 0, 0, 0, 0, 0, 0], [17, 0, 0, 0, 0, 0, 0], [11, 0, 0, 0, 0, 0, 0], [12, 0, 0, 0, 0, 0, 0], [11, 0, 0, 0, 0, 0, 0], [9, 0, 0, 0, 0, 0, 0]], [[62, 0, 0, 0, 0, 0, 0], [16, 0, 0, 0, 0, 0, 0], [17, 0, 0, 0, 0, 0, 0], [11, 0, 0, 0, 0, 0, 0], [12, 0, 0, 0, 0, 0, 0], [11, 0, 0, 0, 0, 0, 0], [9, 0, 0, 0, 0, 0, 0]], [[62, 0, 0, 0, 0, 0, 0], [16, 0, 0, 0, 0, 0, 0], [17, 0, 0, 0, 0, 0, 0], [11, 0, 0, 0, 0, 0, 0], [12, 0, 0, 0, 0, 0, 0], [11, 0, 0, 0, 0, 0, 0], [9, 0, 0, 0, 0, 0, 0]], [[62, 0, 0, 0, 0, 0, 0], [16, 0, 0, 0, 0, 0, 0], [17, 0, 0, 0, 0, 0, 0], [11, 0, 0, 0, 0, 0, 0], [12, 0, 0, 0, 0, 0, 0], [11, 0, 0, 0, 0, 0, 0], [9, 0, 0, 0, 0, 0, 0]], [[62, 0, 0, 0, 0, 0, 0], [16, 0, 0, 0, 0, 0, 0], [17, 0, 0, 0, 0, 0, 0], [11, 0, 0, 0, 0, 0, 0], [12, 0, 0, 0, 0, 0, 0], [11, 0, 0, 0, 0, 0, 0], [9, 0, 0, 0, 0, 0, 0]], [[62, 0, 0, 0, 0, 0, 0], [16, 0, 0, 0, 0, 0, 0], [17, 0, 0, 0, 0, 0, 0], [11, 0, 0, 0, 0, 0, 0], [12, 0, 0, 0, 0, 0, 0], [11, 0, 0, 0, 0, 0, 0], [9, 0, 0, 0, 0, 0, 0]], [[62, 0, 0, 0, 0, 0, 0], [16, 0, 0, 0, 0, 0, 0], [17, 0, 0, 0, 0, 0, 0], [11, 0, 0, 0, 0, 0, 0], [12, 0, 0, 0, 0, 0, 0], [11, 0, 0, 0, 0, 0, 0], [9, 0, 0, 0, 0, 0, 0]], [[59, 0, 3, 0, 0, 0, 0], [16, 0, 0, 0, 0, 0, 0], [17, 0, 0, 0, 0, 0, 0], [9, 0, 2, 0, 0, 0, 0], [12, 0, 0, 0, 0, 0, 0], [11, 0, 0, 0, 0, 0, 0], [9, 0, 0, 0, 0, 0, 0]], [[61, 0, 0, 0, 1, 0, 0], [16, 0, 0, 0, 0, 0, 0], [14, 0, 0, 0, 3, 0, 0], [11, 0, 0, 0, 0, 0, 0], [12, 0, 0, 0, 0, 0, 0], [11, 0, 0, 0, 0, 0, 0], [9, 0, 0, 0, 0, 0, 0]], [[56, 1, 0, 0, 1, 0, 4], [4, 0, 0, 0, 0, 0, 12], [14, 0, 0, 0, 0, 2, 1], [10, 0, 0, 0, 0, 1, 0], [12, 0, 0, 0, 0, 0, 0], [8, 0, 0, 0, 0, 0, 3], [9, 0, 0, 0, 0, 0, 0]], [[50, 1, 0, 0, 0, 11, 0], [12, 0, 0, 0, 0, 4, 0], [11, 0, 0, 0, 0, 6, 0], [6, 0, 0, 0, 0, 5, 0], [9, 0, 0, 0, 0, 3, 0], [6, 0, 0, 0, 0, 4, 1], [8, 0, 0, 0, 0, 1, 0]], [[60, 0, 1, 1, 0, 0, 0], [16, 0, 0, 0, 0, 0, 0], [17, 0, 0, 0, 0, 0, 0], [10, 0, 0, 1, 0, 0, 0], [12, 0, 0, 0, 0, 0, 0], [11, 0, 0, 0, 0, 0, 0], [9, 0, 0, 0, 0, 0, 0]], [[57, 1, 1, 0, 0, 3, 0], [11, 0, 0, 0, 0, 5, 0], [14, 0, 0, 0, 0, 3, 0], [7, 0, 0, 1, 0, 3, 0], [12, 0, 0, 0, 0, 0, 0], [9, 0, 1, 0, 0, 1, 0], [9, 0, 0, 0, 0, 0, 0]], [[57, 0, 0, 0, 0, 1, 4], [8, 0, 0, 0, 0, 1, 7], [12, 0, 0, 0, 0, 4, 1], [8, 0, 0, 0, 0, 3, 0], [12, 0, 0, 0, 0, 0, 0], [6, 0, 0, 0, 0, 0, 5], [8, 0, 0, 0, 0, 0, 1]]], 'roc_auc_micro': [0.6787439613526571, 0.6787439613526571, 0.6787439613526571, 0.6787439613526571, 0.6787439613526571, 0.6787439613526571, 0.6787439613526571, 0.6787439613526571, 0.6787439613526571, 0.6787439613526571, 0.6660628019323672, 0.6745169082125604, 0.6533816425120773, 0.644927536231884, 0.6745169082125604, 0.6660628019323672, 0.6618357487922706], 'roc_auc_macro': [0.5, 0.5, 0.5, 0.5, 0.5, 0.5, 0.5, 0.5, 0.5, 0.5, 0.49547188418927884, 0.4993999014433164, 0.49703084073354376, 0.5166934513204916, 0.5039764601837039, 0.5107444056742784, 0.5083778961830426]}
[18,   100] loss: 0.038, time: 3417.63 seconds
[18,   200] loss: 0.064, time: 3423.22 seconds
[18,   300] loss: 0.087, time: 3428.49 seconds
[18,   400] loss: 0.113, time: 3433.90 seconds
[18,   500] loss: 0.145, time: 3439.21 seconds
[18,   600] loss: 0.174, time: 3443.93 seconds
[18,   700] loss: 0.195, time: 3448.70 seconds
[18,   800] loss: 0.236, time: 3453.29 seconds
[18,   900] loss: 0.271, time: 3458.67 seconds
[18,  1000] loss: 0.305, time: 3463.85 seconds
[18,  1100] loss: 0.340, time: 3468.47 seconds
[18,  1200] loss: 0.379, time: 3472.93 seconds
[18,  1300] loss: 0.415, time: 3477.41 seconds
Epoch time 68.56
{'train_loss': [2558.218353688717, 2531.013210594654, 2522.5940400362015, 2514.959540784359, 2513.8179988265038, 2485.9560937583447, 2432.5664789378643, 2335.235237222165, 2237.833718009293, 2022.8023393033072, 1815.3553167258215, 1600.6984987364267, 1418.735595316737, 1307.1857999788585, 1186.5004926597958, 1046.5211455786994, 943.3352795762378, 891.1108387297659], 'accuracy': [0.4492753623188406, 0.4492753623188406, 0.4492753623188406, 0.4492753623188406, 0.4492753623188406, 0.4492753623188406, 0.4492753623188406, 0.4492753623188406, 0.4492753623188406, 0.4492753623188406, 0.427536231884058, 0.4420289855072464, 0.4057971014492754, 0.391304347826087, 0.4420289855072464, 0.427536231884058, 0.42028985507246375, 0.39855072463768115], 'recall': [0.4492753623188406, 0.4492753623188406, 0.4492753623188406, 0.4492753623188406, 0.4492753623188406, 0.4492753623188406, 0.4492753623188406, 0.4492753623188406, 0.4492753623188406, 0.4492753623188406, 0.427536231884058, 0.4420289855072464, 0.4057971014492754, 0.391304347826087, 0.4420289855072464, 0.427536231884058, 0.42028985507246375, 0.39855072463768115], 'precision': [0.20184835118672548, 0.20184835118672548, 0.20184835118672548, 0.20184835118672548, 0.20184835118672548, 0.20184835118672548, 0.20184835118672548, 0.20184835118672548, 0.20184835118672548, 0.20184835118672548, 0.19930260433692926, 0.20452087389141252, 0.22264973707836347, 0.22961068485365158, 0.23953301127214172, 0.3002232777168839, 0.23433215824520173, 0.21111923030081597], 'f1': [0.27855072463768116, 0.27855072463768116, 0.27855072463768116, 0.27855072463768116, 0.27855072463768116, 0.27855072463768116, 0.27855072463768116, 0.27855072463768116, 0.27855072463768116, 0.27855072463768116, 0.271869193608324, 0.27965099083111505, 0.28753623188405797, 0.28811908408939163, 0.2859333706828741, 0.3023855864956033, 0.3008852028706263, 0.27532228360957645], 'r2': [-0.7498828308076864, -0.7498828308076864, -0.7498828308076864, -0.7498828308076864, -0.7498828308076864, -0.7498828308076864, -0.7498828308076864, -0.7498828308076864, -0.7498828308076864, -0.7498828308076864, -0.7426964536791127, -0.7786283393219811, -1.457740977972192, -0.9960162474613343, -0.75706920793626, -0.9385252304327449, -1.1325574129042337, -0.8612716763005781], 'confusion_matrix': [[[62, 0, 0, 0, 0, 0, 0], [16, 0, 0, 0, 0, 0, 0], [17, 0, 0, 0, 0, 0, 0], [11, 0, 0, 0, 0, 0, 0], [12, 0, 0, 0, 0, 0, 0], [11, 0, 0, 0, 0, 0, 0], [9, 0, 0, 0, 0, 0, 0]], [[62, 0, 0, 0, 0, 0, 0], [16, 0, 0, 0, 0, 0, 0], [17, 0, 0, 0, 0, 0, 0], [11, 0, 0, 0, 0, 0, 0], [12, 0, 0, 0, 0, 0, 0], [11, 0, 0, 0, 0, 0, 0], [9, 0, 0, 0, 0, 0, 0]], [[62, 0, 0, 0, 0, 0, 0], [16, 0, 0, 0, 0, 0, 0], [17, 0, 0, 0, 0, 0, 0], [11, 0, 0, 0, 0, 0, 0], [12, 0, 0, 0, 0, 0, 0], [11, 0, 0, 0, 0, 0, 0], [9, 0, 0, 0, 0, 0, 0]], [[62, 0, 0, 0, 0, 0, 0], [16, 0, 0, 0, 0, 0, 0], [17, 0, 0, 0, 0, 0, 0], [11, 0, 0, 0, 0, 0, 0], [12, 0, 0, 0, 0, 0, 0], [11, 0, 0, 0, 0, 0, 0], [9, 0, 0, 0, 0, 0, 0]], [[62, 0, 0, 0, 0, 0, 0], [16, 0, 0, 0, 0, 0, 0], [17, 0, 0, 0, 0, 0, 0], [11, 0, 0, 0, 0, 0, 0], [12, 0, 0, 0, 0, 0, 0], [11, 0, 0, 0, 0, 0, 0], [9, 0, 0, 0, 0, 0, 0]], [[62, 0, 0, 0, 0, 0, 0], [16, 0, 0, 0, 0, 0, 0], [17, 0, 0, 0, 0, 0, 0], [11, 0, 0, 0, 0, 0, 0], [12, 0, 0, 0, 0, 0, 0], [11, 0, 0, 0, 0, 0, 0], [9, 0, 0, 0, 0, 0, 0]], [[62, 0, 0, 0, 0, 0, 0], [16, 0, 0, 0, 0, 0, 0], [17, 0, 0, 0, 0, 0, 0], [11, 0, 0, 0, 0, 0, 0], [12, 0, 0, 0, 0, 0, 0], [11, 0, 0, 0, 0, 0, 0], [9, 0, 0, 0, 0, 0, 0]], [[62, 0, 0, 0, 0, 0, 0], [16, 0, 0, 0, 0, 0, 0], [17, 0, 0, 0, 0, 0, 0], [11, 0, 0, 0, 0, 0, 0], [12, 0, 0, 0, 0, 0, 0], [11, 0, 0, 0, 0, 0, 0], [9, 0, 0, 0, 0, 0, 0]], [[62, 0, 0, 0, 0, 0, 0], [16, 0, 0, 0, 0, 0, 0], [17, 0, 0, 0, 0, 0, 0], [11, 0, 0, 0, 0, 0, 0], [12, 0, 0, 0, 0, 0, 0], [11, 0, 0, 0, 0, 0, 0], [9, 0, 0, 0, 0, 0, 0]], [[62, 0, 0, 0, 0, 0, 0], [16, 0, 0, 0, 0, 0, 0], [17, 0, 0, 0, 0, 0, 0], [11, 0, 0, 0, 0, 0, 0], [12, 0, 0, 0, 0, 0, 0], [11, 0, 0, 0, 0, 0, 0], [9, 0, 0, 0, 0, 0, 0]], [[59, 0, 3, 0, 0, 0, 0], [16, 0, 0, 0, 0, 0, 0], [17, 0, 0, 0, 0, 0, 0], [9, 0, 2, 0, 0, 0, 0], [12, 0, 0, 0, 0, 0, 0], [11, 0, 0, 0, 0, 0, 0], [9, 0, 0, 0, 0, 0, 0]], [[61, 0, 0, 0, 1, 0, 0], [16, 0, 0, 0, 0, 0, 0], [14, 0, 0, 0, 3, 0, 0], [11, 0, 0, 0, 0, 0, 0], [12, 0, 0, 0, 0, 0, 0], [11, 0, 0, 0, 0, 0, 0], [9, 0, 0, 0, 0, 0, 0]], [[56, 1, 0, 0, 1, 0, 4], [4, 0, 0, 0, 0, 0, 12], [14, 0, 0, 0, 0, 2, 1], [10, 0, 0, 0, 0, 1, 0], [12, 0, 0, 0, 0, 0, 0], [8, 0, 0, 0, 0, 0, 3], [9, 0, 0, 0, 0, 0, 0]], [[50, 1, 0, 0, 0, 11, 0], [12, 0, 0, 0, 0, 4, 0], [11, 0, 0, 0, 0, 6, 0], [6, 0, 0, 0, 0, 5, 0], [9, 0, 0, 0, 0, 3, 0], [6, 0, 0, 0, 0, 4, 1], [8, 0, 0, 0, 0, 1, 0]], [[60, 0, 1, 1, 0, 0, 0], [16, 0, 0, 0, 0, 0, 0], [17, 0, 0, 0, 0, 0, 0], [10, 0, 0, 1, 0, 0, 0], [12, 0, 0, 0, 0, 0, 0], [11, 0, 0, 0, 0, 0, 0], [9, 0, 0, 0, 0, 0, 0]], [[57, 1, 1, 0, 0, 3, 0], [11, 0, 0, 0, 0, 5, 0], [14, 0, 0, 0, 0, 3, 0], [7, 0, 0, 1, 0, 3, 0], [12, 0, 0, 0, 0, 0, 0], [9, 0, 1, 0, 0, 1, 0], [9, 0, 0, 0, 0, 0, 0]], [[57, 0, 0, 0, 0, 1, 4], [8, 0, 0, 0, 0, 1, 7], [12, 0, 0, 0, 0, 4, 1], [8, 0, 0, 0, 0, 3, 0], [12, 0, 0, 0, 0, 0, 0], [6, 0, 0, 0, 0, 0, 5], [8, 0, 0, 0, 0, 0, 1]], [[54, 1, 5, 0, 0, 2, 0], [14, 0, 0, 0, 0, 2, 0], [13, 0, 0, 0, 0, 4, 0], [8, 0, 1, 0, 0, 2, 0], [12, 0, 0, 0, 0, 0, 0], [9, 0, 1, 0, 0, 1, 0], [9, 0, 0, 0, 0, 0, 0]]], 'roc_auc_micro': [0.6787439613526571, 0.6787439613526571, 0.6787439613526571, 0.6787439613526571, 0.6787439613526571, 0.6787439613526571, 0.6787439613526571, 0.6787439613526571, 0.6787439613526571, 0.6787439613526571, 0.6660628019323672, 0.6745169082125604, 0.6533816425120773, 0.644927536231884, 0.6745169082125604, 0.6660628019323672, 0.6618357487922706, 0.6491545893719807], 'roc_auc_macro': [0.5, 0.5, 0.5, 0.5, 0.5, 0.5, 0.5, 0.5, 0.5, 0.5, 0.49547188418927884, 0.4993999014433164, 0.49703084073354376, 0.5166934513204916, 0.5039764601837039, 0.5107444056742784, 0.5083778961830426, 0.49727325403490186]}
[19,   100] loss: 0.026, time: 3487.87 seconds
[19,   200] loss: 0.052, time: 3493.53 seconds
[19,   300] loss: 0.079, time: 3498.80 seconds
[19,   400] loss: 0.105, time: 3503.57 seconds
[19,   500] loss: 0.134, time: 3508.15 seconds
[19,   600] loss: 0.162, time: 3512.67 seconds
[19,   700] loss: 0.189, time: 3517.19 seconds
[19,   800] loss: 0.208, time: 3521.77 seconds
[19,   900] loss: 0.242, time: 3526.40 seconds
[19,  1000] loss: 0.265, time: 3530.97 seconds
[19,  1100] loss: 0.301, time: 3535.44 seconds
[19,  1200] loss: 0.329, time: 3540.11 seconds
[19,  1300] loss: 0.358, time: 3545.36 seconds
Epoch time 66.76
{'train_loss': [2558.218353688717, 2531.013210594654, 2522.5940400362015, 2514.959540784359, 2513.8179988265038, 2485.9560937583447, 2432.5664789378643, 2335.235237222165, 2237.833718009293, 2022.8023393033072, 1815.3553167258215, 1600.6984987364267, 1418.735595316737, 1307.1857999788585, 1186.5004926597958, 1046.5211455786994, 943.3352795762378, 891.1108387297659, 777.9292275604154], 'accuracy': [0.4492753623188406, 0.4492753623188406, 0.4492753623188406, 0.4492753623188406, 0.4492753623188406, 0.4492753623188406, 0.4492753623188406, 0.4492753623188406, 0.4492753623188406, 0.4492753623188406, 0.427536231884058, 0.4420289855072464, 0.4057971014492754, 0.391304347826087, 0.4420289855072464, 0.427536231884058, 0.42028985507246375, 0.39855072463768115, 0.427536231884058], 'recall': [0.4492753623188406, 0.4492753623188406, 0.4492753623188406, 0.4492753623188406, 0.4492753623188406, 0.4492753623188406, 0.4492753623188406, 0.4492753623188406, 0.4492753623188406, 0.4492753623188406, 0.427536231884058, 0.4420289855072464, 0.4057971014492754, 0.391304347826087, 0.4420289855072464, 0.427536231884058, 0.42028985507246375, 0.39855072463768115, 0.427536231884058], 'precision': [0.20184835118672548, 0.20184835118672548, 0.20184835118672548, 0.20184835118672548, 0.20184835118672548, 0.20184835118672548, 0.20184835118672548, 0.20184835118672548, 0.20184835118672548, 0.20184835118672548, 0.19930260433692926, 0.20452087389141252, 0.22264973707836347, 0.22961068485365158, 0.23953301127214172, 0.3002232777168839, 0.23433215824520173, 0.21111923030081597, 0.3006028498355864], 'f1': [0.27855072463768116, 0.27855072463768116, 0.27855072463768116, 0.27855072463768116, 0.27855072463768116, 0.27855072463768116, 0.27855072463768116, 0.27855072463768116, 0.27855072463768116, 0.27855072463768116, 0.271869193608324, 0.27965099083111505, 0.28753623188405797, 0.28811908408939163, 0.2859333706828741, 0.3023855864956033, 0.3008852028706263, 0.27532228360957645, 0.3026308484799958], 'r2': [-0.7498828308076864, -0.7498828308076864, -0.7498828308076864, -0.7498828308076864, -0.7498828308076864, -0.7498828308076864, -0.7498828308076864, -0.7498828308076864, -0.7498828308076864, -0.7498828308076864, -0.7426964536791127, -0.7786283393219811, -1.457740977972192, -0.9960162474613343, -0.75706920793626, -0.9385252304327449, -1.1325574129042337, -0.8612716763005781, -0.9007967505077332], 'confusion_matrix': [[[62, 0, 0, 0, 0, 0, 0], [16, 0, 0, 0, 0, 0, 0], [17, 0, 0, 0, 0, 0, 0], [11, 0, 0, 0, 0, 0, 0], [12, 0, 0, 0, 0, 0, 0], [11, 0, 0, 0, 0, 0, 0], [9, 0, 0, 0, 0, 0, 0]], [[62, 0, 0, 0, 0, 0, 0], [16, 0, 0, 0, 0, 0, 0], [17, 0, 0, 0, 0, 0, 0], [11, 0, 0, 0, 0, 0, 0], [12, 0, 0, 0, 0, 0, 0], [11, 0, 0, 0, 0, 0, 0], [9, 0, 0, 0, 0, 0, 0]], [[62, 0, 0, 0, 0, 0, 0], [16, 0, 0, 0, 0, 0, 0], [17, 0, 0, 0, 0, 0, 0], [11, 0, 0, 0, 0, 0, 0], [12, 0, 0, 0, 0, 0, 0], [11, 0, 0, 0, 0, 0, 0], [9, 0, 0, 0, 0, 0, 0]], [[62, 0, 0, 0, 0, 0, 0], [16, 0, 0, 0, 0, 0, 0], [17, 0, 0, 0, 0, 0, 0], [11, 0, 0, 0, 0, 0, 0], [12, 0, 0, 0, 0, 0, 0], [11, 0, 0, 0, 0, 0, 0], [9, 0, 0, 0, 0, 0, 0]], [[62, 0, 0, 0, 0, 0, 0], [16, 0, 0, 0, 0, 0, 0], [17, 0, 0, 0, 0, 0, 0], [11, 0, 0, 0, 0, 0, 0], [12, 0, 0, 0, 0, 0, 0], [11, 0, 0, 0, 0, 0, 0], [9, 0, 0, 0, 0, 0, 0]], [[62, 0, 0, 0, 0, 0, 0], [16, 0, 0, 0, 0, 0, 0], [17, 0, 0, 0, 0, 0, 0], [11, 0, 0, 0, 0, 0, 0], [12, 0, 0, 0, 0, 0, 0], [11, 0, 0, 0, 0, 0, 0], [9, 0, 0, 0, 0, 0, 0]], [[62, 0, 0, 0, 0, 0, 0], [16, 0, 0, 0, 0, 0, 0], [17, 0, 0, 0, 0, 0, 0], [11, 0, 0, 0, 0, 0, 0], [12, 0, 0, 0, 0, 0, 0], [11, 0, 0, 0, 0, 0, 0], [9, 0, 0, 0, 0, 0, 0]], [[62, 0, 0, 0, 0, 0, 0], [16, 0, 0, 0, 0, 0, 0], [17, 0, 0, 0, 0, 0, 0], [11, 0, 0, 0, 0, 0, 0], [12, 0, 0, 0, 0, 0, 0], [11, 0, 0, 0, 0, 0, 0], [9, 0, 0, 0, 0, 0, 0]], [[62, 0, 0, 0, 0, 0, 0], [16, 0, 0, 0, 0, 0, 0], [17, 0, 0, 0, 0, 0, 0], [11, 0, 0, 0, 0, 0, 0], [12, 0, 0, 0, 0, 0, 0], [11, 0, 0, 0, 0, 0, 0], [9, 0, 0, 0, 0, 0, 0]], [[62, 0, 0, 0, 0, 0, 0], [16, 0, 0, 0, 0, 0, 0], [17, 0, 0, 0, 0, 0, 0], [11, 0, 0, 0, 0, 0, 0], [12, 0, 0, 0, 0, 0, 0], [11, 0, 0, 0, 0, 0, 0], [9, 0, 0, 0, 0, 0, 0]], [[59, 0, 3, 0, 0, 0, 0], [16, 0, 0, 0, 0, 0, 0], [17, 0, 0, 0, 0, 0, 0], [9, 0, 2, 0, 0, 0, 0], [12, 0, 0, 0, 0, 0, 0], [11, 0, 0, 0, 0, 0, 0], [9, 0, 0, 0, 0, 0, 0]], [[61, 0, 0, 0, 1, 0, 0], [16, 0, 0, 0, 0, 0, 0], [14, 0, 0, 0, 3, 0, 0], [11, 0, 0, 0, 0, 0, 0], [12, 0, 0, 0, 0, 0, 0], [11, 0, 0, 0, 0, 0, 0], [9, 0, 0, 0, 0, 0, 0]], [[56, 1, 0, 0, 1, 0, 4], [4, 0, 0, 0, 0, 0, 12], [14, 0, 0, 0, 0, 2, 1], [10, 0, 0, 0, 0, 1, 0], [12, 0, 0, 0, 0, 0, 0], [8, 0, 0, 0, 0, 0, 3], [9, 0, 0, 0, 0, 0, 0]], [[50, 1, 0, 0, 0, 11, 0], [12, 0, 0, 0, 0, 4, 0], [11, 0, 0, 0, 0, 6, 0], [6, 0, 0, 0, 0, 5, 0], [9, 0, 0, 0, 0, 3, 0], [6, 0, 0, 0, 0, 4, 1], [8, 0, 0, 0, 0, 1, 0]], [[60, 0, 1, 1, 0, 0, 0], [16, 0, 0, 0, 0, 0, 0], [17, 0, 0, 0, 0, 0, 0], [10, 0, 0, 1, 0, 0, 0], [12, 0, 0, 0, 0, 0, 0], [11, 0, 0, 0, 0, 0, 0], [9, 0, 0, 0, 0, 0, 0]], [[57, 1, 1, 0, 0, 3, 0], [11, 0, 0, 0, 0, 5, 0], [14, 0, 0, 0, 0, 3, 0], [7, 0, 0, 1, 0, 3, 0], [12, 0, 0, 0, 0, 0, 0], [9, 0, 1, 0, 0, 1, 0], [9, 0, 0, 0, 0, 0, 0]], [[57, 0, 0, 0, 0, 1, 4], [8, 0, 0, 0, 0, 1, 7], [12, 0, 0, 0, 0, 4, 1], [8, 0, 0, 0, 0, 3, 0], [12, 0, 0, 0, 0, 0, 0], [6, 0, 0, 0, 0, 0, 5], [8, 0, 0, 0, 0, 0, 1]], [[54, 1, 5, 0, 0, 2, 0], [14, 0, 0, 0, 0, 2, 0], [13, 0, 0, 0, 0, 4, 0], [8, 0, 1, 0, 0, 2, 0], [12, 0, 0, 0, 0, 0, 0], [9, 0, 1, 0, 0, 1, 0], [9, 0, 0, 0, 0, 0, 0]], [[57, 1, 1, 0, 0, 3, 0], [14, 0, 0, 0, 0, 1, 1], [11, 0, 0, 0, 0, 6, 0], [7, 0, 0, 1, 0, 3, 0], [12, 0, 0, 0, 0, 0, 0], [9, 0, 1, 0, 0, 1, 0], [9, 0, 0, 0, 0, 0, 0]]], 'roc_auc_micro': [0.6787439613526571, 0.6787439613526571, 0.6787439613526571, 0.6787439613526571, 0.6787439613526571, 0.6787439613526571, 0.6787439613526571, 0.6787439613526571, 0.6787439613526571, 0.6787439613526571, 0.6660628019323672, 0.6745169082125604, 0.6533816425120773, 0.644927536231884, 0.6745169082125604, 0.6660628019323672, 0.6618357487922706, 0.6491545893719807, 0.6660628019323672], 'roc_auc_macro': [0.5, 0.5, 0.5, 0.5, 0.5, 0.5, 0.5, 0.5, 0.5, 0.5, 0.49547188418927884, 0.4993999014433164, 0.49703084073354376, 0.5166934513204916, 0.5039764601837039, 0.5107444056742784, 0.5083778961830426, 0.49727325403490186, 0.5107531255145309]}
[20,   100] loss: 0.022, time: 3556.46 seconds
[20,   200] loss: 0.041, time: 3562.82 seconds
[20,   300] loss: 0.068, time: 3570.07 seconds
[20,   400] loss: 0.091, time: 3577.47 seconds
[20,   500] loss: 0.113, time: 3584.36 seconds
[20,   600] loss: 0.143, time: 3591.29 seconds
[20,   700] loss: 0.168, time: 3598.64 seconds
[20,   800] loss: 0.185, time: 3605.45 seconds
[20,   900] loss: 0.213, time: 3611.00 seconds
[20,  1000] loss: 0.239, time: 3618.53 seconds
[20,  1100] loss: 0.262, time: 3625.97 seconds
[20,  1200] loss: 0.287, time: 3633.24 seconds
[20,  1300] loss: 0.312, time: 3640.49 seconds
Epoch time 96.36
{'train_loss': [2558.218353688717, 2531.013210594654, 2522.5940400362015, 2514.959540784359, 2513.8179988265038, 2485.9560937583447, 2432.5664789378643, 2335.235237222165, 2237.833718009293, 2022.8023393033072, 1815.3553167258215, 1600.6984987364267, 1418.735595316737, 1307.1857999788585, 1186.5004926597958, 1046.5211455786994, 943.3352795762378, 891.1108387297659, 777.9292275604154, 670.6695246289428], 'accuracy': [0.4492753623188406, 0.4492753623188406, 0.4492753623188406, 0.4492753623188406, 0.4492753623188406, 0.4492753623188406, 0.4492753623188406, 0.4492753623188406, 0.4492753623188406, 0.4492753623188406, 0.427536231884058, 0.4420289855072464, 0.4057971014492754, 0.391304347826087, 0.4420289855072464, 0.427536231884058, 0.42028985507246375, 0.39855072463768115, 0.427536231884058, 0.39855072463768115], 'recall': [0.4492753623188406, 0.4492753623188406, 0.4492753623188406, 0.4492753623188406, 0.4492753623188406, 0.4492753623188406, 0.4492753623188406, 0.4492753623188406, 0.4492753623188406, 0.4492753623188406, 0.427536231884058, 0.4420289855072464, 0.4057971014492754, 0.391304347826087, 0.4420289855072464, 0.427536231884058, 0.42028985507246375, 0.39855072463768115, 0.427536231884058, 0.39855072463768115], 'precision': [0.20184835118672548, 0.20184835118672548, 0.20184835118672548, 0.20184835118672548, 0.20184835118672548, 0.20184835118672548, 0.20184835118672548, 0.20184835118672548, 0.20184835118672548, 0.20184835118672548, 0.19930260433692926, 0.20452087389141252, 0.22264973707836347, 0.22961068485365158, 0.23953301127214172, 0.3002232777168839, 0.23433215824520173, 0.21111923030081597, 0.3006028498355864, 0.3048222912353347], 'f1': [0.27855072463768116, 0.27855072463768116, 0.27855072463768116, 0.27855072463768116, 0.27855072463768116, 0.27855072463768116, 0.27855072463768116, 0.27855072463768116, 0.27855072463768116, 0.27855072463768116, 0.271869193608324, 0.27965099083111505, 0.28753623188405797, 0.28811908408939163, 0.2859333706828741, 0.3023855864956033, 0.3008852028706263, 0.27532228360957645, 0.3026308484799958, 0.2977713524190286], 'r2': [-0.7498828308076864, -0.7498828308076864, -0.7498828308076864, -0.7498828308076864, -0.7498828308076864, -0.7498828308076864, -0.7498828308076864, -0.7498828308076864, -0.7498828308076864, -0.7498828308076864, -0.7426964536791127, -0.7786283393219811, -1.457740977972192, -0.9960162474613343, -0.75706920793626, -0.9385252304327449, -1.1325574129042337, -0.8612716763005781, -0.9007967505077332, -0.7732385564755508], 'confusion_matrix': [[[62, 0, 0, 0, 0, 0, 0], [16, 0, 0, 0, 0, 0, 0], [17, 0, 0, 0, 0, 0, 0], [11, 0, 0, 0, 0, 0, 0], [12, 0, 0, 0, 0, 0, 0], [11, 0, 0, 0, 0, 0, 0], [9, 0, 0, 0, 0, 0, 0]], [[62, 0, 0, 0, 0, 0, 0], [16, 0, 0, 0, 0, 0, 0], [17, 0, 0, 0, 0, 0, 0], [11, 0, 0, 0, 0, 0, 0], [12, 0, 0, 0, 0, 0, 0], [11, 0, 0, 0, 0, 0, 0], [9, 0, 0, 0, 0, 0, 0]], [[62, 0, 0, 0, 0, 0, 0], [16, 0, 0, 0, 0, 0, 0], [17, 0, 0, 0, 0, 0, 0], [11, 0, 0, 0, 0, 0, 0], [12, 0, 0, 0, 0, 0, 0], [11, 0, 0, 0, 0, 0, 0], [9, 0, 0, 0, 0, 0, 0]], [[62, 0, 0, 0, 0, 0, 0], [16, 0, 0, 0, 0, 0, 0], [17, 0, 0, 0, 0, 0, 0], [11, 0, 0, 0, 0, 0, 0], [12, 0, 0, 0, 0, 0, 0], [11, 0, 0, 0, 0, 0, 0], [9, 0, 0, 0, 0, 0, 0]], [[62, 0, 0, 0, 0, 0, 0], [16, 0, 0, 0, 0, 0, 0], [17, 0, 0, 0, 0, 0, 0], [11, 0, 0, 0, 0, 0, 0], [12, 0, 0, 0, 0, 0, 0], [11, 0, 0, 0, 0, 0, 0], [9, 0, 0, 0, 0, 0, 0]], [[62, 0, 0, 0, 0, 0, 0], [16, 0, 0, 0, 0, 0, 0], [17, 0, 0, 0, 0, 0, 0], [11, 0, 0, 0, 0, 0, 0], [12, 0, 0, 0, 0, 0, 0], [11, 0, 0, 0, 0, 0, 0], [9, 0, 0, 0, 0, 0, 0]], [[62, 0, 0, 0, 0, 0, 0], [16, 0, 0, 0, 0, 0, 0], [17, 0, 0, 0, 0, 0, 0], [11, 0, 0, 0, 0, 0, 0], [12, 0, 0, 0, 0, 0, 0], [11, 0, 0, 0, 0, 0, 0], [9, 0, 0, 0, 0, 0, 0]], [[62, 0, 0, 0, 0, 0, 0], [16, 0, 0, 0, 0, 0, 0], [17, 0, 0, 0, 0, 0, 0], [11, 0, 0, 0, 0, 0, 0], [12, 0, 0, 0, 0, 0, 0], [11, 0, 0, 0, 0, 0, 0], [9, 0, 0, 0, 0, 0, 0]], [[62, 0, 0, 0, 0, 0, 0], [16, 0, 0, 0, 0, 0, 0], [17, 0, 0, 0, 0, 0, 0], [11, 0, 0, 0, 0, 0, 0], [12, 0, 0, 0, 0, 0, 0], [11, 0, 0, 0, 0, 0, 0], [9, 0, 0, 0, 0, 0, 0]], [[62, 0, 0, 0, 0, 0, 0], [16, 0, 0, 0, 0, 0, 0], [17, 0, 0, 0, 0, 0, 0], [11, 0, 0, 0, 0, 0, 0], [12, 0, 0, 0, 0, 0, 0], [11, 0, 0, 0, 0, 0, 0], [9, 0, 0, 0, 0, 0, 0]], [[59, 0, 3, 0, 0, 0, 0], [16, 0, 0, 0, 0, 0, 0], [17, 0, 0, 0, 0, 0, 0], [9, 0, 2, 0, 0, 0, 0], [12, 0, 0, 0, 0, 0, 0], [11, 0, 0, 0, 0, 0, 0], [9, 0, 0, 0, 0, 0, 0]], [[61, 0, 0, 0, 1, 0, 0], [16, 0, 0, 0, 0, 0, 0], [14, 0, 0, 0, 3, 0, 0], [11, 0, 0, 0, 0, 0, 0], [12, 0, 0, 0, 0, 0, 0], [11, 0, 0, 0, 0, 0, 0], [9, 0, 0, 0, 0, 0, 0]], [[56, 1, 0, 0, 1, 0, 4], [4, 0, 0, 0, 0, 0, 12], [14, 0, 0, 0, 0, 2, 1], [10, 0, 0, 0, 0, 1, 0], [12, 0, 0, 0, 0, 0, 0], [8, 0, 0, 0, 0, 0, 3], [9, 0, 0, 0, 0, 0, 0]], [[50, 1, 0, 0, 0, 11, 0], [12, 0, 0, 0, 0, 4, 0], [11, 0, 0, 0, 0, 6, 0], [6, 0, 0, 0, 0, 5, 0], [9, 0, 0, 0, 0, 3, 0], [6, 0, 0, 0, 0, 4, 1], [8, 0, 0, 0, 0, 1, 0]], [[60, 0, 1, 1, 0, 0, 0], [16, 0, 0, 0, 0, 0, 0], [17, 0, 0, 0, 0, 0, 0], [10, 0, 0, 1, 0, 0, 0], [12, 0, 0, 0, 0, 0, 0], [11, 0, 0, 0, 0, 0, 0], [9, 0, 0, 0, 0, 0, 0]], [[57, 1, 1, 0, 0, 3, 0], [11, 0, 0, 0, 0, 5, 0], [14, 0, 0, 0, 0, 3, 0], [7, 0, 0, 1, 0, 3, 0], [12, 0, 0, 0, 0, 0, 0], [9, 0, 1, 0, 0, 1, 0], [9, 0, 0, 0, 0, 0, 0]], [[57, 0, 0, 0, 0, 1, 4], [8, 0, 0, 0, 0, 1, 7], [12, 0, 0, 0, 0, 4, 1], [8, 0, 0, 0, 0, 3, 0], [12, 0, 0, 0, 0, 0, 0], [6, 0, 0, 0, 0, 0, 5], [8, 0, 0, 0, 0, 0, 1]], [[54, 1, 5, 0, 0, 2, 0], [14, 0, 0, 0, 0, 2, 0], [13, 0, 0, 0, 0, 4, 0], [8, 0, 1, 0, 0, 2, 0], [12, 0, 0, 0, 0, 0, 0], [9, 0, 1, 0, 0, 1, 0], [9, 0, 0, 0, 0, 0, 0]], [[57, 1, 1, 0, 0, 3, 0], [14, 0, 0, 0, 0, 1, 1], [11, 0, 0, 0, 0, 6, 0], [7, 0, 0, 1, 0, 3, 0], [12, 0, 0, 0, 0, 0, 0], [9, 0, 1, 0, 0, 1, 0], [9, 0, 0, 0, 0, 0, 0]], [[51, 1, 9, 0, 0, 1, 0], [14, 0, 0, 0, 0, 1, 1], [12, 0, 3, 0, 0, 2, 0], [6, 0, 3, 1, 0, 1, 0], [11, 0, 1, 0, 0, 0, 0], [10, 0, 1, 0, 0, 0, 0], [8, 0, 1, 0, 0, 0, 0]]], 'roc_auc_micro': [0.6787439613526571, 0.6787439613526571, 0.6787439613526571, 0.6787439613526571, 0.6787439613526571, 0.6787439613526571, 0.6787439613526571, 0.6787439613526571, 0.6787439613526571, 0.6787439613526571, 0.6660628019323672, 0.6745169082125604, 0.6533816425120773, 0.644927536231884, 0.6745169082125604, 0.6660628019323672, 0.6618357487922706, 0.6491545893719807, 0.6660628019323672, 0.6491545893719807], 'roc_auc_macro': [0.5, 0.5, 0.5, 0.5, 0.5, 0.5, 0.5, 0.5, 0.5, 0.5, 0.49547188418927884, 0.4993999014433164, 0.49703084073354376, 0.5166934513204916, 0.5039764601837039, 0.5107444056742784, 0.5083778961830426, 0.49727325403490186, 0.5107531255145309, 0.5077173617981012]}
Total training time: 3649.72 s
Finished Training
