MichCnn1_base_lr=0.005_momentum=0.9
[1,   100] loss: 0.107, time: 3.24 seconds
[1,   200] loss: 0.210, time: 6.40 seconds
[1,   300] loss: 0.303, time: 9.47 seconds
[1,   400] loss: 0.403, time: 12.50 seconds
[1,   500] loss: 0.500, time: 15.50 seconds
[1,   600] loss: 0.594, time: 18.49 seconds
[1,   700] loss: 0.686, time: 21.48 seconds
[1,   800] loss: 0.777, time: 24.54 seconds
[1,   900] loss: 0.866, time: 28.08 seconds
[1,  1000] loss: 0.960, time: 31.88 seconds
[1,  1100] loss: 1.049, time: 35.71 seconds
[1,  1200] loss: 1.138, time: 39.54 seconds
[1,  1300] loss: 1.229, time: 43.38 seconds
Epoch time 47.02
{'train_loss': [2626.6952979266644], 'accuracy': [0.3503230437903805], 'recall': [0.3503230437903805], 'precision': [0.12272623501055685], 'f1': [0.18177314765518943], 'r2': [-1.0751933343217646]}
[2,   100] loss: 0.100, time: 63.06 seconds
[2,   200] loss: 0.196, time: 66.99 seconds
[2,   300] loss: 0.284, time: 70.89 seconds
[2,   400] loss: 0.373, time: 74.80 seconds
[2,   500] loss: 0.465, time: 78.72 seconds
[2,   600] loss: 0.558, time: 82.63 seconds
[2,   700] loss: 0.651, time: 86.52 seconds
[2,   800] loss: 0.748, time: 90.46 seconds
[2,   900] loss: 0.838, time: 94.38 seconds
[2,  1000] loss: 0.928, time: 98.32 seconds
[2,  1100] loss: 1.019, time: 102.20 seconds
[2,  1200] loss: 1.107, time: 106.10 seconds
[2,  1300] loss: 1.197, time: 110.08 seconds
Epoch time 54.61
{'train_loss': [2626.6952979266644, 2554.4634952545166], 'accuracy': [0.3503230437903805, 0.3503230437903805], 'recall': [0.3503230437903805, 0.3503230437903805], 'precision': [0.12272623501055685, 0.12272623501055685], 'f1': [0.18177314765518943, 0.18177314765518943], 'r2': [-1.0751933343217646, -1.0751933343217646]}
[3,   100] loss: 0.093, time: 129.80 seconds
[3,   200] loss: 0.188, time: 133.73 seconds
[3,   300] loss: 0.280, time: 137.63 seconds
[3,   400] loss: 0.371, time: 141.55 seconds
[3,   500] loss: 0.462, time: 145.47 seconds
[3,   600] loss: 0.557, time: 149.41 seconds
[3,   700] loss: 0.646, time: 153.35 seconds
[3,   800] loss: 0.736, time: 157.28 seconds
[3,   900] loss: 0.823, time: 161.22 seconds
[3,  1000] loss: 0.918, time: 165.19 seconds
[3,  1100] loss: 1.008, time: 169.12 seconds
[3,  1200] loss: 1.102, time: 173.00 seconds
[3,  1300] loss: 1.195, time: 176.95 seconds
Epoch time 54.80
{'train_loss': [2626.6952979266644, 2554.4634952545166, 2567.7626008987427], 'accuracy': [0.3503230437903805, 0.3503230437903805, 0.3503230437903805], 'recall': [0.3503230437903805, 0.3503230437903805, 0.3503230437903805], 'precision': [0.12272623501055685, 0.12272623501055685, 0.12272623501055685], 'f1': [0.18177314765518943, 0.18177314765518943, 0.18177314765518943], 'r2': [-1.0751933343217646, -1.0751933343217646, -1.0751933343217646]}
[4,   100] loss: 0.096, time: 196.76 seconds
[4,   200] loss: 0.191, time: 200.70 seconds
[4,   300] loss: 0.283, time: 204.63 seconds
[4,   400] loss: 0.374, time: 208.55 seconds
[4,   500] loss: 0.465, time: 212.47 seconds
[4,   600] loss: 0.560, time: 216.40 seconds
[4,   700] loss: 0.647, time: 220.39 seconds
[4,   800] loss: 0.736, time: 224.47 seconds
[4,   900] loss: 0.825, time: 228.42 seconds
[4,  1000] loss: 0.919, time: 232.39 seconds
[4,  1100] loss: 1.011, time: 236.32 seconds
[4,  1200] loss: 1.102, time: 240.33 seconds
[4,  1300] loss: 1.192, time: 244.23 seconds
Epoch time 55.08
{'train_loss': [2626.6952979266644, 2554.4634952545166, 2567.7626008987427, 2551.538500189781], 'accuracy': [0.3503230437903805, 0.3503230437903805, 0.3503230437903805, 0.3503230437903805], 'recall': [0.3503230437903805, 0.3503230437903805, 0.3503230437903805, 0.3503230437903805], 'precision': [0.12272623501055685, 0.12272623501055685, 0.12272623501055685, 0.12272623501055685], 'f1': [0.18177314765518943, 0.18177314765518943, 0.18177314765518943, 0.18177314765518943], 'r2': [-1.0751933343217646, -1.0751933343217646, -1.0751933343217646, -1.0751933343217646]}
[5,   100] loss: 0.089, time: 264.00 seconds
[5,   200] loss: 0.177, time: 267.90 seconds
[5,   300] loss: 0.269, time: 271.81 seconds
[5,   400] loss: 0.365, time: 275.88 seconds
[5,   500] loss: 0.450, time: 279.95 seconds
[5,   600] loss: 0.538, time: 283.90 seconds
[5,   700] loss: 0.630, time: 287.86 seconds
[5,   800] loss: 0.725, time: 291.80 seconds
[5,   900] loss: 0.820, time: 295.76 seconds
[5,  1000] loss: 0.909, time: 299.74 seconds
[5,  1100] loss: 1.001, time: 303.69 seconds
[5,  1200] loss: 1.095, time: 307.63 seconds
[5,  1300] loss: 1.190, time: 311.58 seconds
Epoch time 55.28
{'train_loss': [2626.6952979266644, 2554.4634952545166, 2567.7626008987427, 2551.538500189781, 2549.770745396614], 'accuracy': [0.3503230437903805, 0.3503230437903805, 0.3503230437903805, 0.3503230437903805, 0.3503230437903805], 'recall': [0.3503230437903805, 0.3503230437903805, 0.3503230437903805, 0.3503230437903805, 0.3503230437903805], 'precision': [0.12272623501055685, 0.12272623501055685, 0.12272623501055685, 0.12272623501055685, 0.12272623501055685], 'f1': [0.18177314765518943, 0.18177314765518943, 0.18177314765518943, 0.18177314765518943, 0.18177314765518943], 'r2': [-1.0751933343217646, -1.0751933343217646, -1.0751933343217646, -1.0751933343217646, -1.0751933343217646]}
[6,   100] loss: 0.091, time: 331.37 seconds
[6,   200] loss: 0.181, time: 335.31 seconds
[6,   300] loss: 0.279, time: 339.30 seconds
[6,   400] loss: 0.368, time: 343.37 seconds
[6,   500] loss: 0.458, time: 347.34 seconds
[6,   600] loss: 0.547, time: 351.30 seconds
[6,   700] loss: 0.640, time: 355.26 seconds
[6,   800] loss: 0.734, time: 359.31 seconds
[6,   900] loss: 0.829, time: 363.33 seconds
[6,  1000] loss: 0.919, time: 367.35 seconds
[6,  1100] loss: 1.008, time: 371.36 seconds
[6,  1200] loss: 1.097, time: 375.36 seconds
[6,  1300] loss: 1.188, time: 379.40 seconds
Epoch time 55.67
{'train_loss': [2626.6952979266644, 2554.4634952545166, 2567.7626008987427, 2551.538500189781, 2549.770745396614, 2544.7479653954506], 'accuracy': [0.3503230437903805, 0.3503230437903805, 0.3503230437903805, 0.3503230437903805, 0.3503230437903805, 0.3503230437903805], 'recall': [0.3503230437903805, 0.3503230437903805, 0.3503230437903805, 0.3503230437903805, 0.3503230437903805, 0.3503230437903805], 'precision': [0.12272623501055685, 0.12272623501055685, 0.12272623501055685, 0.12272623501055685, 0.12272623501055685, 0.12272623501055685], 'f1': [0.18177314765518943, 0.18177314765518943, 0.18177314765518943, 0.18177314765518943, 0.18177314765518943, 0.18177314765518943], 'r2': [-1.0751933343217646, -1.0751933343217646, -1.0751933343217646, -1.0751933343217646, -1.0751933343217646, -1.0751933343217646]}
[7,   100] loss: 0.088, time: 399.55 seconds
[7,   200] loss: 0.179, time: 403.61 seconds
[7,   300] loss: 0.269, time: 407.68 seconds
[7,   400] loss: 0.360, time: 411.82 seconds
[7,   500] loss: 0.455, time: 416.07 seconds
[7,   600] loss: 0.547, time: 420.21 seconds
[7,   700] loss: 0.637, time: 424.32 seconds
[7,   800] loss: 0.731, time: 428.45 seconds
[7,   900] loss: 0.819, time: 432.59 seconds
[7,  1000] loss: 0.912, time: 436.77 seconds
[7,  1100] loss: 1.008, time: 440.94 seconds
[7,  1200] loss: 1.100, time: 445.12 seconds
[7,  1300] loss: 1.191, time: 449.26 seconds
Epoch time 57.63
{'train_loss': [2626.6952979266644, 2554.4634952545166, 2567.7626008987427, 2551.538500189781, 2549.770745396614, 2544.7479653954506, 2551.1106123924255], 'accuracy': [0.3503230437903805, 0.3503230437903805, 0.3503230437903805, 0.3503230437903805, 0.3503230437903805, 0.3503230437903805, 0.3503230437903805], 'recall': [0.3503230437903805, 0.3503230437903805, 0.3503230437903805, 0.3503230437903805, 0.3503230437903805, 0.3503230437903805, 0.3503230437903805], 'precision': [0.12272623501055685, 0.12272623501055685, 0.12272623501055685, 0.12272623501055685, 0.12272623501055685, 0.12272623501055685, 0.12272623501055685], 'f1': [0.18177314765518943, 0.18177314765518943, 0.18177314765518943, 0.18177314765518943, 0.18177314765518943, 0.18177314765518943, 0.18177314765518943], 'r2': [-1.0751933343217646, -1.0751933343217646, -1.0751933343217646, -1.0751933343217646, -1.0751933343217646, -1.0751933343217646, -1.0751933343217646]}
[8,   100] loss: 0.091, time: 470.08 seconds
[8,   200] loss: 0.182, time: 474.24 seconds
[8,   300] loss: 0.276, time: 478.38 seconds
[8,   400] loss: 0.371, time: 482.57 seconds
[8,   500] loss: 0.466, time: 486.79 seconds
[8,   600] loss: 0.557, time: 491.00 seconds
[8,   700] loss: 0.646, time: 495.22 seconds
[8,   800] loss: 0.732, time: 499.43 seconds
[8,   900] loss: 0.830, time: 503.65 seconds
[8,  1000] loss: 0.917, time: 507.85 seconds
[8,  1100] loss: 1.003, time: 512.06 seconds
[8,  1200] loss: 1.098, time: 516.27 seconds
[8,  1300] loss: 1.187, time: 520.49 seconds
Epoch time 58.51
{'train_loss': [2626.6952979266644, 2554.4634952545166, 2567.7626008987427, 2551.538500189781, 2549.770745396614, 2544.7479653954506, 2551.1106123924255, 2538.933917582035], 'accuracy': [0.3503230437903805, 0.3503230437903805, 0.3503230437903805, 0.3503230437903805, 0.3503230437903805, 0.3503230437903805, 0.3503230437903805, 0.3503230437903805], 'recall': [0.3503230437903805, 0.3503230437903805, 0.3503230437903805, 0.3503230437903805, 0.3503230437903805, 0.3503230437903805, 0.3503230437903805, 0.3503230437903805], 'precision': [0.12272623501055685, 0.12272623501055685, 0.12272623501055685, 0.12272623501055685, 0.12272623501055685, 0.12272623501055685, 0.12272623501055685, 0.12272623501055685], 'f1': [0.18177314765518943, 0.18177314765518943, 0.18177314765518943, 0.18177314765518943, 0.18177314765518943, 0.18177314765518943, 0.18177314765518943, 0.18177314765518943], 'r2': [-1.0751933343217646, -1.0751933343217646, -1.0751933343217646, -1.0751933343217646, -1.0751933343217646, -1.0751933343217646, -1.0751933343217646, -1.0751933343217646]}
[9,   100] loss: 0.085, time: 541.87 seconds
[9,   200] loss: 0.173, time: 546.18 seconds
[9,   300] loss: 0.264, time: 550.58 seconds
[9,   400] loss: 0.358, time: 554.97 seconds
[9,   500] loss: 0.452, time: 559.34 seconds
[9,   600] loss: 0.542, time: 563.70 seconds
[9,   700] loss: 0.634, time: 568.12 seconds
[9,   800] loss: 0.725, time: 572.51 seconds
[9,   900] loss: 0.819, time: 576.89 seconds
[9,  1000] loss: 0.908, time: 581.28 seconds
[9,  1100] loss: 1.000, time: 585.66 seconds
[9,  1200] loss: 1.097, time: 590.05 seconds
[9,  1300] loss: 1.183, time: 594.48 seconds
Epoch time 63.41
{'train_loss': [2626.6952979266644, 2554.4634952545166, 2567.7626008987427, 2551.538500189781, 2549.770745396614, 2544.7479653954506, 2551.1106123924255, 2538.933917582035, 2543.852597951889], 'accuracy': [0.3503230437903805, 0.3503230437903805, 0.3503230437903805, 0.3503230437903805, 0.3503230437903805, 0.3503230437903805, 0.3503230437903805, 0.3503230437903805, 0.3503230437903805], 'recall': [0.3503230437903805, 0.3503230437903805, 0.3503230437903805, 0.3503230437903805, 0.3503230437903805, 0.3503230437903805, 0.3503230437903805, 0.3503230437903805, 0.3503230437903805], 'precision': [0.12272623501055685, 0.12272623501055685, 0.12272623501055685, 0.12272623501055685, 0.12272623501055685, 0.12272623501055685, 0.12272623501055685, 0.12272623501055685, 0.12272623501055685], 'f1': [0.18177314765518943, 0.18177314765518943, 0.18177314765518943, 0.18177314765518943, 0.18177314765518943, 0.18177314765518943, 0.18177314765518943, 0.18177314765518943, 0.18177314765518943], 'r2': [-1.0751933343217646, -1.0751933343217646, -1.0751933343217646, -1.0751933343217646, -1.0751933343217646, -1.0751933343217646, -1.0751933343217646, -1.0751933343217646, -1.0751933343217646]}
[10,   100] loss: 0.089, time: 625.27 seconds
[10,   200] loss: 0.185, time: 631.10 seconds
[10,   300] loss: 0.278, time: 637.02 seconds
[10,   400] loss: 0.364, time: 642.90 seconds
[10,   500] loss: 0.457, time: 648.78 seconds
[10,   600] loss: 0.555, time: 654.65 seconds
[10,   700] loss: 0.644, time: 660.53 seconds
[10,   800] loss: 0.728, time: 666.52 seconds
[10,   900] loss: 0.823, time: 672.46 seconds
[10,  1000] loss: 0.919, time: 678.48 seconds
[10,  1100] loss: 1.009, time: 684.50 seconds
[10,  1200] loss: 1.096, time: 690.68 seconds
[10,  1300] loss: 1.190, time: 696.90 seconds
Epoch time 83.49
{'train_loss': [2626.6952979266644, 2554.4634952545166, 2567.7626008987427, 2551.538500189781, 2549.770745396614, 2544.7479653954506, 2551.1106123924255, 2538.933917582035, 2543.852597951889, 2544.99312210083], 'accuracy': [0.3503230437903805, 0.3503230437903805, 0.3503230437903805, 0.3503230437903805, 0.3503230437903805, 0.3503230437903805, 0.3503230437903805, 0.3503230437903805, 0.3503230437903805, 0.3503230437903805], 'recall': [0.3503230437903805, 0.3503230437903805, 0.3503230437903805, 0.3503230437903805, 0.3503230437903805, 0.3503230437903805, 0.3503230437903805, 0.3503230437903805, 0.3503230437903805, 0.3503230437903805], 'precision': [0.12272623501055685, 0.12272623501055685, 0.12272623501055685, 0.12272623501055685, 0.12272623501055685, 0.12272623501055685, 0.12272623501055685, 0.12272623501055685, 0.12272623501055685, 0.12272623501055685], 'f1': [0.18177314765518943, 0.18177314765518943, 0.18177314765518943, 0.18177314765518943, 0.18177314765518943, 0.18177314765518943, 0.18177314765518943, 0.18177314765518943, 0.18177314765518943, 0.18177314765518943], 'r2': [-1.0751933343217646, -1.0751933343217646, -1.0751933343217646, -1.0751933343217646, -1.0751933343217646, -1.0751933343217646, -1.0751933343217646, -1.0751933343217646, -1.0751933343217646, -1.0751933343217646]}
[11,   100] loss: 0.090, time: 731.90 seconds
[11,   200] loss: 0.184, time: 739.31 seconds
[11,   300] loss: 0.277, time: 745.95 seconds
[11,   400] loss: 0.364, time: 752.05 seconds
[11,   500] loss: 0.461, time: 757.98 seconds
[11,   600] loss: 0.551, time: 763.88 seconds
[11,   700] loss: 0.637, time: 769.75 seconds
[11,   800] loss: 0.729, time: 775.65 seconds
[11,   900] loss: 0.823, time: 781.45 seconds
[11,  1000] loss: 0.912, time: 787.34 seconds
[11,  1100] loss: 1.003, time: 793.53 seconds
[11,  1200] loss: 1.096, time: 799.69 seconds
[11,  1300] loss: 1.187, time: 805.83 seconds
Epoch time 86.94
{'train_loss': [2626.6952979266644, 2554.4634952545166, 2567.7626008987427, 2551.538500189781, 2549.770745396614, 2544.7479653954506, 2551.1106123924255, 2538.933917582035, 2543.852597951889, 2544.99312210083, 2545.5610826015472], 'accuracy': [0.3503230437903805, 0.3503230437903805, 0.3503230437903805, 0.3503230437903805, 0.3503230437903805, 0.3503230437903805, 0.3503230437903805, 0.3503230437903805, 0.3503230437903805, 0.3503230437903805, 0.3503230437903805], 'recall': [0.3503230437903805, 0.3503230437903805, 0.3503230437903805, 0.3503230437903805, 0.3503230437903805, 0.3503230437903805, 0.3503230437903805, 0.3503230437903805, 0.3503230437903805, 0.3503230437903805, 0.3503230437903805], 'precision': [0.12272623501055685, 0.12272623501055685, 0.12272623501055685, 0.12272623501055685, 0.12272623501055685, 0.12272623501055685, 0.12272623501055685, 0.12272623501055685, 0.12272623501055685, 0.12272623501055685, 0.12272623501055685], 'f1': [0.18177314765518943, 0.18177314765518943, 0.18177314765518943, 0.18177314765518943, 0.18177314765518943, 0.18177314765518943, 0.18177314765518943, 0.18177314765518943, 0.18177314765518943, 0.18177314765518943, 0.18177314765518943], 'r2': [-1.0751933343217646, -1.0751933343217646, -1.0751933343217646, -1.0751933343217646, -1.0751933343217646, -1.0751933343217646, -1.0751933343217646, -1.0751933343217646, -1.0751933343217646, -1.0751933343217646, -1.0751933343217646]}
[12,   100] loss: 0.090, time: 836.56 seconds
[12,   200] loss: 0.183, time: 842.52 seconds
[12,   300] loss: 0.270, time: 848.48 seconds
[12,   400] loss: 0.361, time: 854.39 seconds
[12,   500] loss: 0.450, time: 860.32 seconds
[12,   600] loss: 0.541, time: 866.23 seconds
[12,   700] loss: 0.634, time: 872.09 seconds
[12,   800] loss: 0.726, time: 878.15 seconds
[12,   900] loss: 0.816, time: 884.28 seconds
[12,  1000] loss: 0.908, time: 890.63 seconds
[12,  1100] loss: 0.996, time: 897.03 seconds
[12,  1200] loss: 1.086, time: 903.45 seconds
[12,  1300] loss: 1.182, time: 909.42 seconds
Epoch time 84.25
{'train_loss': [2626.6952979266644, 2554.4634952545166, 2567.7626008987427, 2551.538500189781, 2549.770745396614, 2544.7479653954506, 2551.1106123924255, 2538.933917582035, 2543.852597951889, 2544.99312210083, 2545.5610826015472, 2540.051431417465], 'accuracy': [0.3503230437903805, 0.3503230437903805, 0.3503230437903805, 0.3503230437903805, 0.3503230437903805, 0.3503230437903805, 0.3503230437903805, 0.3503230437903805, 0.3503230437903805, 0.3503230437903805, 0.3503230437903805, 0.3503230437903805], 'recall': [0.3503230437903805, 0.3503230437903805, 0.3503230437903805, 0.3503230437903805, 0.3503230437903805, 0.3503230437903805, 0.3503230437903805, 0.3503230437903805, 0.3503230437903805, 0.3503230437903805, 0.3503230437903805, 0.3503230437903805], 'precision': [0.12272623501055685, 0.12272623501055685, 0.12272623501055685, 0.12272623501055685, 0.12272623501055685, 0.12272623501055685, 0.12272623501055685, 0.12272623501055685, 0.12272623501055685, 0.12272623501055685, 0.12272623501055685, 0.12272623501055685], 'f1': [0.18177314765518943, 0.18177314765518943, 0.18177314765518943, 0.18177314765518943, 0.18177314765518943, 0.18177314765518943, 0.18177314765518943, 0.18177314765518943, 0.18177314765518943, 0.18177314765518943, 0.18177314765518943, 0.18177314765518943], 'r2': [-1.0751933343217646, -1.0751933343217646, -1.0751933343217646, -1.0751933343217646, -1.0751933343217646, -1.0751933343217646, -1.0751933343217646, -1.0751933343217646, -1.0751933343217646, -1.0751933343217646, -1.0751933343217646, -1.0751933343217646]}
[13,   100] loss: 0.095, time: 939.46 seconds
[13,   200] loss: 0.190, time: 945.38 seconds
[13,   300] loss: 0.276, time: 951.31 seconds
[13,   400] loss: 0.371, time: 957.16 seconds
[13,   500] loss: 0.463, time: 963.26 seconds
[13,   600] loss: 0.551, time: 969.36 seconds
[13,   700] loss: 0.643, time: 975.53 seconds
[13,   800] loss: 0.731, time: 981.89 seconds
[13,   900] loss: 0.821, time: 988.44 seconds
[13,  1000] loss: 0.918, time: 994.89 seconds
[13,  1100] loss: 1.002, time: 1001.12 seconds
[13,  1200] loss: 1.096, time: 1007.11 seconds
[13,  1300] loss: 1.186, time: 1013.11 seconds
Epoch time 85.21
{'train_loss': [2626.6952979266644, 2554.4634952545166, 2567.7626008987427, 2551.538500189781, 2549.770745396614, 2544.7479653954506, 2551.1106123924255, 2538.933917582035, 2543.852597951889, 2544.99312210083, 2545.5610826015472, 2540.051431417465, 2542.7956798672676], 'accuracy': [0.3503230437903805, 0.3503230437903805, 0.3503230437903805, 0.3503230437903805, 0.3503230437903805, 0.3503230437903805, 0.3503230437903805, 0.3503230437903805, 0.3503230437903805, 0.3503230437903805, 0.3503230437903805, 0.3503230437903805, 0.3503230437903805], 'recall': [0.3503230437903805, 0.3503230437903805, 0.3503230437903805, 0.3503230437903805, 0.3503230437903805, 0.3503230437903805, 0.3503230437903805, 0.3503230437903805, 0.3503230437903805, 0.3503230437903805, 0.3503230437903805, 0.3503230437903805, 0.3503230437903805], 'precision': [0.12272623501055685, 0.12272623501055685, 0.12272623501055685, 0.12272623501055685, 0.12272623501055685, 0.12272623501055685, 0.12272623501055685, 0.12272623501055685, 0.12272623501055685, 0.12272623501055685, 0.12272623501055685, 0.12272623501055685, 0.12272623501055685], 'f1': [0.18177314765518943, 0.18177314765518943, 0.18177314765518943, 0.18177314765518943, 0.18177314765518943, 0.18177314765518943, 0.18177314765518943, 0.18177314765518943, 0.18177314765518943, 0.18177314765518943, 0.18177314765518943, 0.18177314765518943, 0.18177314765518943], 'r2': [-1.0751933343217646, -1.0751933343217646, -1.0751933343217646, -1.0751933343217646, -1.0751933343217646, -1.0751933343217646, -1.0751933343217646, -1.0751933343217646, -1.0751933343217646, -1.0751933343217646, -1.0751933343217646, -1.0751933343217646, -1.0751933343217646]}
[14,   100] loss: 0.092, time: 1044.03 seconds
[14,   200] loss: 0.182, time: 1050.11 seconds
[14,   300] loss: 0.275, time: 1056.36 seconds
[14,   400] loss: 0.368, time: 1062.70 seconds
[14,   500] loss: 0.461, time: 1069.17 seconds
[14,   600] loss: 0.548, time: 1075.75 seconds
[14,   700] loss: 0.639, time: 1082.42 seconds
[14,   800] loss: 0.735, time: 1088.85 seconds
[14,   900] loss: 0.827, time: 1094.94 seconds
[14,  1000] loss: 0.917, time: 1100.91 seconds
[14,  1100] loss: 1.004, time: 1106.83 seconds
[14,  1200] loss: 1.095, time: 1112.77 seconds
[14,  1300] loss: 1.187, time: 1118.67 seconds
Epoch time 86.44
{'train_loss': [2626.6952979266644, 2554.4634952545166, 2567.7626008987427, 2551.538500189781, 2549.770745396614, 2544.7479653954506, 2551.1106123924255, 2538.933917582035, 2543.852597951889, 2544.99312210083, 2545.5610826015472, 2540.051431417465, 2542.7956798672676, 2538.155057132244], 'accuracy': [0.3503230437903805, 0.3503230437903805, 0.3503230437903805, 0.3503230437903805, 0.3503230437903805, 0.3503230437903805, 0.3503230437903805, 0.3503230437903805, 0.3503230437903805, 0.3503230437903805, 0.3503230437903805, 0.3503230437903805, 0.3503230437903805, 0.3503230437903805], 'recall': [0.3503230437903805, 0.3503230437903805, 0.3503230437903805, 0.3503230437903805, 0.3503230437903805, 0.3503230437903805, 0.3503230437903805, 0.3503230437903805, 0.3503230437903805, 0.3503230437903805, 0.3503230437903805, 0.3503230437903805, 0.3503230437903805, 0.3503230437903805], 'precision': [0.12272623501055685, 0.12272623501055685, 0.12272623501055685, 0.12272623501055685, 0.12272623501055685, 0.12272623501055685, 0.12272623501055685, 0.12272623501055685, 0.12272623501055685, 0.12272623501055685, 0.12272623501055685, 0.12272623501055685, 0.12272623501055685, 0.12272623501055685], 'f1': [0.18177314765518943, 0.18177314765518943, 0.18177314765518943, 0.18177314765518943, 0.18177314765518943, 0.18177314765518943, 0.18177314765518943, 0.18177314765518943, 0.18177314765518943, 0.18177314765518943, 0.18177314765518943, 0.18177314765518943, 0.18177314765518943, 0.18177314765518943], 'r2': [-1.0751933343217646, -1.0751933343217646, -1.0751933343217646, -1.0751933343217646, -1.0751933343217646, -1.0751933343217646, -1.0751933343217646, -1.0751933343217646, -1.0751933343217646, -1.0751933343217646, -1.0751933343217646, -1.0751933343217646, -1.0751933343217646, -1.0751933343217646]}
[15,   100] loss: 0.089, time: 1149.65 seconds
[15,   200] loss: 0.182, time: 1155.96 seconds
[15,   300] loss: 0.279, time: 1162.41 seconds
[15,   400] loss: 0.372, time: 1168.86 seconds
[15,   500] loss: 0.465, time: 1175.09 seconds
[15,   600] loss: 0.553, time: 1181.14 seconds
[15,   700] loss: 0.645, time: 1187.05 seconds
[15,   800] loss: 0.736, time: 1192.99 seconds
[15,   900] loss: 0.831, time: 1199.09 seconds
[15,  1000] loss: 0.921, time: 1205.49 seconds
[15,  1100] loss: 1.012, time: 1212.01 seconds
[15,  1200] loss: 1.101, time: 1218.70 seconds
[15,  1300] loss: 1.191, time: 1225.38 seconds
Epoch time 88.51
{'train_loss': [2626.6952979266644, 2554.4634952545166, 2567.7626008987427, 2551.538500189781, 2549.770745396614, 2544.7479653954506, 2551.1106123924255, 2538.933917582035, 2543.852597951889, 2544.99312210083, 2545.5610826015472, 2540.051431417465, 2542.7956798672676, 2538.155057132244, 2540.6891097426414], 'accuracy': [0.3503230437903805, 0.3503230437903805, 0.3503230437903805, 0.3503230437903805, 0.3503230437903805, 0.3503230437903805, 0.3503230437903805, 0.3503230437903805, 0.3503230437903805, 0.3503230437903805, 0.3503230437903805, 0.3503230437903805, 0.3503230437903805, 0.3503230437903805, 0.3503230437903805], 'recall': [0.3503230437903805, 0.3503230437903805, 0.3503230437903805, 0.3503230437903805, 0.3503230437903805, 0.3503230437903805, 0.3503230437903805, 0.3503230437903805, 0.3503230437903805, 0.3503230437903805, 0.3503230437903805, 0.3503230437903805, 0.3503230437903805, 0.3503230437903805, 0.3503230437903805], 'precision': [0.12272623501055685, 0.12272623501055685, 0.12272623501055685, 0.12272623501055685, 0.12272623501055685, 0.12272623501055685, 0.12272623501055685, 0.12272623501055685, 0.12272623501055685, 0.12272623501055685, 0.12272623501055685, 0.12272623501055685, 0.12272623501055685, 0.12272623501055685, 0.12272623501055685], 'f1': [0.18177314765518943, 0.18177314765518943, 0.18177314765518943, 0.18177314765518943, 0.18177314765518943, 0.18177314765518943, 0.18177314765518943, 0.18177314765518943, 0.18177314765518943, 0.18177314765518943, 0.18177314765518943, 0.18177314765518943, 0.18177314765518943, 0.18177314765518943, 0.18177314765518943], 'r2': [-1.0751933343217646, -1.0751933343217646, -1.0751933343217646, -1.0751933343217646, -1.0751933343217646, -1.0751933343217646, -1.0751933343217646, -1.0751933343217646, -1.0751933343217646, -1.0751933343217646, -1.0751933343217646, -1.0751933343217646, -1.0751933343217646, -1.0751933343217646, -1.0751933343217646]}
[16,   100] loss: 0.095, time: 1258.36 seconds
[16,   200] loss: 0.183, time: 1265.00 seconds
[16,   300] loss: 0.273, time: 1271.58 seconds
[16,   400] loss: 0.363, time: 1278.15 seconds
[16,   500] loss: 0.458, time: 1284.75 seconds
[16,   600] loss: 0.548, time: 1291.44 seconds
[16,   700] loss: 0.638, time: 1298.02 seconds
[16,   800] loss: 0.732, time: 1304.80 seconds
[16,   900] loss: 0.825, time: 1311.85 seconds
[16,  1000] loss: 0.914, time: 1319.04 seconds
[16,  1100] loss: 1.010, time: 1326.50 seconds
[16,  1200] loss: 1.104, time: 1333.58 seconds
[16,  1300] loss: 1.187, time: 1340.43 seconds
Epoch time 94.98
{'train_loss': [2626.6952979266644, 2554.4634952545166, 2567.7626008987427, 2551.538500189781, 2549.770745396614, 2544.7479653954506, 2551.1106123924255, 2538.933917582035, 2543.852597951889, 2544.99312210083, 2545.5610826015472, 2540.051431417465, 2542.7956798672676, 2538.155057132244, 2540.6891097426414, 2543.2435787320137], 'accuracy': [0.3503230437903805, 0.3503230437903805, 0.3503230437903805, 0.3503230437903805, 0.3503230437903805, 0.3503230437903805, 0.3503230437903805, 0.3503230437903805, 0.3503230437903805, 0.3503230437903805, 0.3503230437903805, 0.3503230437903805, 0.3503230437903805, 0.3503230437903805, 0.3503230437903805, 0.3503230437903805], 'recall': [0.3503230437903805, 0.3503230437903805, 0.3503230437903805, 0.3503230437903805, 0.3503230437903805, 0.3503230437903805, 0.3503230437903805, 0.3503230437903805, 0.3503230437903805, 0.3503230437903805, 0.3503230437903805, 0.3503230437903805, 0.3503230437903805, 0.3503230437903805, 0.3503230437903805, 0.3503230437903805], 'precision': [0.12272623501055685, 0.12272623501055685, 0.12272623501055685, 0.12272623501055685, 0.12272623501055685, 0.12272623501055685, 0.12272623501055685, 0.12272623501055685, 0.12272623501055685, 0.12272623501055685, 0.12272623501055685, 0.12272623501055685, 0.12272623501055685, 0.12272623501055685, 0.12272623501055685, 0.12272623501055685], 'f1': [0.18177314765518943, 0.18177314765518943, 0.18177314765518943, 0.18177314765518943, 0.18177314765518943, 0.18177314765518943, 0.18177314765518943, 0.18177314765518943, 0.18177314765518943, 0.18177314765518943, 0.18177314765518943, 0.18177314765518943, 0.18177314765518943, 0.18177314765518943, 0.18177314765518943, 0.18177314765518943], 'r2': [-1.0751933343217646, -1.0751933343217646, -1.0751933343217646, -1.0751933343217646, -1.0751933343217646, -1.0751933343217646, -1.0751933343217646, -1.0751933343217646, -1.0751933343217646, -1.0751933343217646, -1.0751933343217646, -1.0751933343217646, -1.0751933343217646, -1.0751933343217646, -1.0751933343217646, -1.0751933343217646]}
[17,   100] loss: 0.093, time: 1371.69 seconds
[17,   200] loss: 0.184, time: 1378.51 seconds
[17,   300] loss: 0.275, time: 1385.54 seconds
[17,   400] loss: 0.369, time: 1392.74 seconds
[17,   500] loss: 0.463, time: 1401.78 seconds
[17,   600] loss: 0.555, time: 1411.09 seconds
[17,   700] loss: 0.645, time: 1419.04 seconds
[17,   800] loss: 0.738, time: 1426.31 seconds
[17,   900] loss: 0.827, time: 1433.04 seconds
[17,  1000] loss: 0.917, time: 1439.59 seconds
[17,  1100] loss: 1.006, time: 1446.22 seconds
[17,  1200] loss: 1.094, time: 1452.82 seconds
[17,  1300] loss: 1.186, time: 1459.46 seconds
Epoch time 100.75
{'train_loss': [2626.6952979266644, 2554.4634952545166, 2567.7626008987427, 2551.538500189781, 2549.770745396614, 2544.7479653954506, 2551.1106123924255, 2538.933917582035, 2543.852597951889, 2544.99312210083, 2545.5610826015472, 2540.051431417465, 2542.7956798672676, 2538.155057132244, 2540.6891097426414, 2543.2435787320137, 2540.274036824703], 'accuracy': [0.3503230437903805, 0.3503230437903805, 0.3503230437903805, 0.3503230437903805, 0.3503230437903805, 0.3503230437903805, 0.3503230437903805, 0.3503230437903805, 0.3503230437903805, 0.3503230437903805, 0.3503230437903805, 0.3503230437903805, 0.3503230437903805, 0.3503230437903805, 0.3503230437903805, 0.3503230437903805, 0.3503230437903805], 'recall': [0.3503230437903805, 0.3503230437903805, 0.3503230437903805, 0.3503230437903805, 0.3503230437903805, 0.3503230437903805, 0.3503230437903805, 0.3503230437903805, 0.3503230437903805, 0.3503230437903805, 0.3503230437903805, 0.3503230437903805, 0.3503230437903805, 0.3503230437903805, 0.3503230437903805, 0.3503230437903805, 0.3503230437903805], 'precision': [0.12272623501055685, 0.12272623501055685, 0.12272623501055685, 0.12272623501055685, 0.12272623501055685, 0.12272623501055685, 0.12272623501055685, 0.12272623501055685, 0.12272623501055685, 0.12272623501055685, 0.12272623501055685, 0.12272623501055685, 0.12272623501055685, 0.12272623501055685, 0.12272623501055685, 0.12272623501055685, 0.12272623501055685], 'f1': [0.18177314765518943, 0.18177314765518943, 0.18177314765518943, 0.18177314765518943, 0.18177314765518943, 0.18177314765518943, 0.18177314765518943, 0.18177314765518943, 0.18177314765518943, 0.18177314765518943, 0.18177314765518943, 0.18177314765518943, 0.18177314765518943, 0.18177314765518943, 0.18177314765518943, 0.18177314765518943, 0.18177314765518943], 'r2': [-1.0751933343217646, -1.0751933343217646, -1.0751933343217646, -1.0751933343217646, -1.0751933343217646, -1.0751933343217646, -1.0751933343217646, -1.0751933343217646, -1.0751933343217646, -1.0751933343217646, -1.0751933343217646, -1.0751933343217646, -1.0751933343217646, -1.0751933343217646, -1.0751933343217646, -1.0751933343217646, -1.0751933343217646]}
[18,   100] loss: 0.091, time: 1490.97 seconds
[18,   200] loss: 0.184, time: 1498.03 seconds
[18,   300] loss: 0.274, time: 1505.25 seconds
[18,   400] loss: 0.365, time: 1512.77 seconds
[18,   500] loss: 0.458, time: 1520.21 seconds
[18,   600] loss: 0.547, time: 1527.18 seconds
[18,   700] loss: 0.643, time: 1533.74 seconds
[18,   800] loss: 0.734, time: 1540.44 seconds
[18,   900] loss: 0.823, time: 1546.96 seconds
[18,  1000] loss: 0.915, time: 1553.53 seconds
[18,  1100] loss: 1.000, time: 1560.06 seconds
[18,  1200] loss: 1.093, time: 1566.56 seconds
[18,  1300] loss: 1.186, time: 1573.15 seconds
Epoch time 95.32
{'train_loss': [2626.6952979266644, 2554.4634952545166, 2567.7626008987427, 2551.538500189781, 2549.770745396614, 2544.7479653954506, 2551.1106123924255, 2538.933917582035, 2543.852597951889, 2544.99312210083, 2545.5610826015472, 2540.051431417465, 2542.7956798672676, 2538.155057132244, 2540.6891097426414, 2543.2435787320137, 2540.274036824703, 2542.722642481327], 'accuracy': [0.3503230437903805, 0.3503230437903805, 0.3503230437903805, 0.3503230437903805, 0.3503230437903805, 0.3503230437903805, 0.3503230437903805, 0.3503230437903805, 0.3503230437903805, 0.3503230437903805, 0.3503230437903805, 0.3503230437903805, 0.3503230437903805, 0.3503230437903805, 0.3503230437903805, 0.3503230437903805, 0.3503230437903805, 0.3503230437903805], 'recall': [0.3503230437903805, 0.3503230437903805, 0.3503230437903805, 0.3503230437903805, 0.3503230437903805, 0.3503230437903805, 0.3503230437903805, 0.3503230437903805, 0.3503230437903805, 0.3503230437903805, 0.3503230437903805, 0.3503230437903805, 0.3503230437903805, 0.3503230437903805, 0.3503230437903805, 0.3503230437903805, 0.3503230437903805, 0.3503230437903805], 'precision': [0.12272623501055685, 0.12272623501055685, 0.12272623501055685, 0.12272623501055685, 0.12272623501055685, 0.12272623501055685, 0.12272623501055685, 0.12272623501055685, 0.12272623501055685, 0.12272623501055685, 0.12272623501055685, 0.12272623501055685, 0.12272623501055685, 0.12272623501055685, 0.12272623501055685, 0.12272623501055685, 0.12272623501055685, 0.12272623501055685], 'f1': [0.18177314765518943, 0.18177314765518943, 0.18177314765518943, 0.18177314765518943, 0.18177314765518943, 0.18177314765518943, 0.18177314765518943, 0.18177314765518943, 0.18177314765518943, 0.18177314765518943, 0.18177314765518943, 0.18177314765518943, 0.18177314765518943, 0.18177314765518943, 0.18177314765518943, 0.18177314765518943, 0.18177314765518943, 0.18177314765518943], 'r2': [-1.0751933343217646, -1.0751933343217646, -1.0751933343217646, -1.0751933343217646, -1.0751933343217646, -1.0751933343217646, -1.0751933343217646, -1.0751933343217646, -1.0751933343217646, -1.0751933343217646, -1.0751933343217646, -1.0751933343217646, -1.0751933343217646, -1.0751933343217646, -1.0751933343217646, -1.0751933343217646, -1.0751933343217646, -1.0751933343217646]}
[19,   100] loss: 0.092, time: 1606.74 seconds
[19,   200] loss: 0.181, time: 1614.37 seconds
[19,   300] loss: 0.265, time: 1621.41 seconds
[19,   400] loss: 0.354, time: 1628.05 seconds
[19,   500] loss: 0.444, time: 1634.59 seconds
[19,   600] loss: 0.536, time: 1641.08 seconds
[19,   700] loss: 0.631, time: 1647.68 seconds
[19,   800] loss: 0.722, time: 1654.23 seconds
[19,   900] loss: 0.820, time: 1661.13 seconds
[19,  1000] loss: 0.912, time: 1667.66 seconds
[19,  1100] loss: 1.002, time: 1674.32 seconds
[19,  1200] loss: 1.093, time: 1681.04 seconds
[19,  1300] loss: 1.186, time: 1687.93 seconds
Epoch time 95.45
{'train_loss': [2626.6952979266644, 2554.4634952545166, 2567.7626008987427, 2551.538500189781, 2549.770745396614, 2544.7479653954506, 2551.1106123924255, 2538.933917582035, 2543.852597951889, 2544.99312210083, 2545.5610826015472, 2540.051431417465, 2542.7956798672676, 2538.155057132244, 2540.6891097426414, 2543.2435787320137, 2540.274036824703, 2542.722642481327, 2539.6457059383392], 'accuracy': [0.3503230437903805, 0.3503230437903805, 0.3503230437903805, 0.3503230437903805, 0.3503230437903805, 0.3503230437903805, 0.3503230437903805, 0.3503230437903805, 0.3503230437903805, 0.3503230437903805, 0.3503230437903805, 0.3503230437903805, 0.3503230437903805, 0.3503230437903805, 0.3503230437903805, 0.3503230437903805, 0.3503230437903805, 0.3503230437903805, 0.3503230437903805], 'recall': [0.3503230437903805, 0.3503230437903805, 0.3503230437903805, 0.3503230437903805, 0.3503230437903805, 0.3503230437903805, 0.3503230437903805, 0.3503230437903805, 0.3503230437903805, 0.3503230437903805, 0.3503230437903805, 0.3503230437903805, 0.3503230437903805, 0.3503230437903805, 0.3503230437903805, 0.3503230437903805, 0.3503230437903805, 0.3503230437903805, 0.3503230437903805], 'precision': [0.12272623501055685, 0.12272623501055685, 0.12272623501055685, 0.12272623501055685, 0.12272623501055685, 0.12272623501055685, 0.12272623501055685, 0.12272623501055685, 0.12272623501055685, 0.12272623501055685, 0.12272623501055685, 0.12272623501055685, 0.12272623501055685, 0.12272623501055685, 0.12272623501055685, 0.12272623501055685, 0.12272623501055685, 0.12272623501055685, 0.12272623501055685], 'f1': [0.18177314765518943, 0.18177314765518943, 0.18177314765518943, 0.18177314765518943, 0.18177314765518943, 0.18177314765518943, 0.18177314765518943, 0.18177314765518943, 0.18177314765518943, 0.18177314765518943, 0.18177314765518943, 0.18177314765518943, 0.18177314765518943, 0.18177314765518943, 0.18177314765518943, 0.18177314765518943, 0.18177314765518943, 0.18177314765518943, 0.18177314765518943], 'r2': [-1.0751933343217646, -1.0751933343217646, -1.0751933343217646, -1.0751933343217646, -1.0751933343217646, -1.0751933343217646, -1.0751933343217646, -1.0751933343217646, -1.0751933343217646, -1.0751933343217646, -1.0751933343217646, -1.0751933343217646, -1.0751933343217646, -1.0751933343217646, -1.0751933343217646, -1.0751933343217646, -1.0751933343217646, -1.0751933343217646, -1.0751933343217646]}
[20,   100] loss: 0.086, time: 1721.84 seconds
[20,   200] loss: 0.175, time: 1728.40 seconds
[20,   300] loss: 0.269, time: 1735.03 seconds
[20,   400] loss: 0.364, time: 1741.60 seconds
[20,   500] loss: 0.455, time: 1748.26 seconds
[20,   600] loss: 0.548, time: 1754.86 seconds
[20,   700] loss: 0.638, time: 1761.47 seconds
[20,   800] loss: 0.732, time: 1768.12 seconds
[20,   900] loss: 0.823, time: 1774.86 seconds
[20,  1000] loss: 0.913, time: 1781.80 seconds
[20,  1100] loss: 1.006, time: 1788.76 seconds
[20,  1200] loss: 1.091, time: 1796.01 seconds
[20,  1300] loss: 1.186, time: 1803.47 seconds
Epoch time 95.74
{'train_loss': [2626.6952979266644, 2554.4634952545166, 2567.7626008987427, 2551.538500189781, 2549.770745396614, 2544.7479653954506, 2551.1106123924255, 2538.933917582035, 2543.852597951889, 2544.99312210083, 2545.5610826015472, 2540.051431417465, 2542.7956798672676, 2538.155057132244, 2540.6891097426414, 2543.2435787320137, 2540.274036824703, 2542.722642481327, 2539.6457059383392, 2541.2980865836143], 'accuracy': [0.3503230437903805, 0.3503230437903805, 0.3503230437903805, 0.3503230437903805, 0.3503230437903805, 0.3503230437903805, 0.3503230437903805, 0.3503230437903805, 0.3503230437903805, 0.3503230437903805, 0.3503230437903805, 0.3503230437903805, 0.3503230437903805, 0.3503230437903805, 0.3503230437903805, 0.3503230437903805, 0.3503230437903805, 0.3503230437903805, 0.3503230437903805, 0.3503230437903805], 'recall': [0.3503230437903805, 0.3503230437903805, 0.3503230437903805, 0.3503230437903805, 0.3503230437903805, 0.3503230437903805, 0.3503230437903805, 0.3503230437903805, 0.3503230437903805, 0.3503230437903805, 0.3503230437903805, 0.3503230437903805, 0.3503230437903805, 0.3503230437903805, 0.3503230437903805, 0.3503230437903805, 0.3503230437903805, 0.3503230437903805, 0.3503230437903805, 0.3503230437903805], 'precision': [0.12272623501055685, 0.12272623501055685, 0.12272623501055685, 0.12272623501055685, 0.12272623501055685, 0.12272623501055685, 0.12272623501055685, 0.12272623501055685, 0.12272623501055685, 0.12272623501055685, 0.12272623501055685, 0.12272623501055685, 0.12272623501055685, 0.12272623501055685, 0.12272623501055685, 0.12272623501055685, 0.12272623501055685, 0.12272623501055685, 0.12272623501055685, 0.12272623501055685], 'f1': [0.18177314765518943, 0.18177314765518943, 0.18177314765518943, 0.18177314765518943, 0.18177314765518943, 0.18177314765518943, 0.18177314765518943, 0.18177314765518943, 0.18177314765518943, 0.18177314765518943, 0.18177314765518943, 0.18177314765518943, 0.18177314765518943, 0.18177314765518943, 0.18177314765518943, 0.18177314765518943, 0.18177314765518943, 0.18177314765518943, 0.18177314765518943, 0.18177314765518943], 'r2': [-1.0751933343217646, -1.0751933343217646, -1.0751933343217646, -1.0751933343217646, -1.0751933343217646, -1.0751933343217646, -1.0751933343217646, -1.0751933343217646, -1.0751933343217646, -1.0751933343217646, -1.0751933343217646, -1.0751933343217646, -1.0751933343217646, -1.0751933343217646, -1.0751933343217646, -1.0751933343217646, -1.0751933343217646, -1.0751933343217646, -1.0751933343217646, -1.0751933343217646]}
Total training time: 1829.67 s
Finished Training
