MichCnn1_base_lr=0.001_momentum=0.9_batch=32
Epoch time 20.69
{'train_loss': [98.2096803188324], 'accuracy': [0.3503230437903805], 'recall': [0.3503230437903805], 'precision': [0.12272623501055685], 'f1': [0.18177314765518943], 'r2': [-1.0751933343217646]}
Epoch time 21.23
{'train_loss': [98.2096803188324, 87.30219888687134], 'accuracy': [0.3503230437903805, 0.3503230437903805], 'recall': [0.3503230437903805, 0.3503230437903805], 'precision': [0.12272623501055685, 0.12272623501055685], 'f1': [0.18177314765518943, 0.18177314765518943], 'r2': [-1.0751933343217646, -1.0751933343217646]}
Epoch time 22.17
{'train_loss': [98.2096803188324, 87.30219888687134, 81.5058000087738], 'accuracy': [0.3503230437903805, 0.3503230437903805, 0.3503230437903805], 'recall': [0.3503230437903805, 0.3503230437903805, 0.3503230437903805], 'precision': [0.12272623501055685, 0.12272623501055685, 0.12272623501055685], 'f1': [0.18177314765518943, 0.18177314765518943, 0.18177314765518943], 'r2': [-1.0751933343217646, -1.0751933343217646, -1.0751933343217646]}
Epoch time 22.79
{'train_loss': [98.2096803188324, 87.30219888687134, 81.5058000087738, 80.8410472869873], 'accuracy': [0.3503230437903805, 0.3503230437903805, 0.3503230437903805, 0.3503230437903805], 'recall': [0.3503230437903805, 0.3503230437903805, 0.3503230437903805, 0.3503230437903805], 'precision': [0.12272623501055685, 0.12272623501055685, 0.12272623501055685, 0.12272623501055685], 'f1': [0.18177314765518943, 0.18177314765518943, 0.18177314765518943, 0.18177314765518943], 'r2': [-1.0751933343217646, -1.0751933343217646, -1.0751933343217646, -1.0751933343217646]}
Epoch time 24.07
{'train_loss': [98.2096803188324, 87.30219888687134, 81.5058000087738, 80.8410472869873, 80.6485630273819], 'accuracy': [0.3503230437903805, 0.3503230437903805, 0.3503230437903805, 0.3503230437903805, 0.3503230437903805], 'recall': [0.3503230437903805, 0.3503230437903805, 0.3503230437903805, 0.3503230437903805, 0.3503230437903805], 'precision': [0.12272623501055685, 0.12272623501055685, 0.12272623501055685, 0.12272623501055685, 0.12272623501055685], 'f1': [0.18177314765518943, 0.18177314765518943, 0.18177314765518943, 0.18177314765518943, 0.18177314765518943], 'r2': [-1.0751933343217646, -1.0751933343217646, -1.0751933343217646, -1.0751933343217646, -1.0751933343217646]}
Epoch time 21.84
{'train_loss': [98.2096803188324, 87.30219888687134, 81.5058000087738, 80.8410472869873, 80.6485630273819, 80.21150040626526], 'accuracy': [0.3503230437903805, 0.3503230437903805, 0.3503230437903805, 0.3503230437903805, 0.3503230437903805, 0.3503230437903805], 'recall': [0.3503230437903805, 0.3503230437903805, 0.3503230437903805, 0.3503230437903805, 0.3503230437903805, 0.3503230437903805], 'precision': [0.12272623501055685, 0.12272623501055685, 0.12272623501055685, 0.12272623501055685, 0.12272623501055685, 0.12272623501055685], 'f1': [0.18177314765518943, 0.18177314765518943, 0.18177314765518943, 0.18177314765518943, 0.18177314765518943, 0.18177314765518943], 'r2': [-1.0751933343217646, -1.0751933343217646, -1.0751933343217646, -1.0751933343217646, -1.0751933343217646, -1.0751933343217646]}
Epoch time 23.25
{'train_loss': [98.2096803188324, 87.30219888687134, 81.5058000087738, 80.8410472869873, 80.6485630273819, 80.21150040626526, 80.31985378265381], 'accuracy': [0.3503230437903805, 0.3503230437903805, 0.3503230437903805, 0.3503230437903805, 0.3503230437903805, 0.3503230437903805, 0.3503230437903805], 'recall': [0.3503230437903805, 0.3503230437903805, 0.3503230437903805, 0.3503230437903805, 0.3503230437903805, 0.3503230437903805, 0.3503230437903805], 'precision': [0.12272623501055685, 0.12272623501055685, 0.12272623501055685, 0.12272623501055685, 0.12272623501055685, 0.12272623501055685, 0.12272623501055685], 'f1': [0.18177314765518943, 0.18177314765518943, 0.18177314765518943, 0.18177314765518943, 0.18177314765518943, 0.18177314765518943, 0.18177314765518943], 'r2': [-1.0751933343217646, -1.0751933343217646, -1.0751933343217646, -1.0751933343217646, -1.0751933343217646, -1.0751933343217646, -1.0751933343217646]}
Epoch time 22.32
{'train_loss': [98.2096803188324, 87.30219888687134, 81.5058000087738, 80.8410472869873, 80.6485630273819, 80.21150040626526, 80.31985378265381, 80.1510466337204], 'accuracy': [0.3503230437903805, 0.3503230437903805, 0.3503230437903805, 0.3503230437903805, 0.3503230437903805, 0.3503230437903805, 0.3503230437903805, 0.3503230437903805], 'recall': [0.3503230437903805, 0.3503230437903805, 0.3503230437903805, 0.3503230437903805, 0.3503230437903805, 0.3503230437903805, 0.3503230437903805, 0.3503230437903805], 'precision': [0.12272623501055685, 0.12272623501055685, 0.12272623501055685, 0.12272623501055685, 0.12272623501055685, 0.12272623501055685, 0.12272623501055685, 0.12272623501055685], 'f1': [0.18177314765518943, 0.18177314765518943, 0.18177314765518943, 0.18177314765518943, 0.18177314765518943, 0.18177314765518943, 0.18177314765518943, 0.18177314765518943], 'r2': [-1.0751933343217646, -1.0751933343217646, -1.0751933343217646, -1.0751933343217646, -1.0751933343217646, -1.0751933343217646, -1.0751933343217646, -1.0751933343217646]}
Epoch time 22.29
{'train_loss': [98.2096803188324, 87.30219888687134, 81.5058000087738, 80.8410472869873, 80.6485630273819, 80.21150040626526, 80.31985378265381, 80.1510466337204, 80.11010158061981], 'accuracy': [0.3503230437903805, 0.3503230437903805, 0.3503230437903805, 0.3503230437903805, 0.3503230437903805, 0.3503230437903805, 0.3503230437903805, 0.3503230437903805, 0.3503230437903805], 'recall': [0.3503230437903805, 0.3503230437903805, 0.3503230437903805, 0.3503230437903805, 0.3503230437903805, 0.3503230437903805, 0.3503230437903805, 0.3503230437903805, 0.3503230437903805], 'precision': [0.12272623501055685, 0.12272623501055685, 0.12272623501055685, 0.12272623501055685, 0.12272623501055685, 0.12272623501055685, 0.12272623501055685, 0.12272623501055685, 0.12272623501055685], 'f1': [0.18177314765518943, 0.18177314765518943, 0.18177314765518943, 0.18177314765518943, 0.18177314765518943, 0.18177314765518943, 0.18177314765518943, 0.18177314765518943, 0.18177314765518943], 'r2': [-1.0751933343217646, -1.0751933343217646, -1.0751933343217646, -1.0751933343217646, -1.0751933343217646, -1.0751933343217646, -1.0751933343217646, -1.0751933343217646, -1.0751933343217646]}
Epoch time 22.76
{'train_loss': [98.2096803188324, 87.30219888687134, 81.5058000087738, 80.8410472869873, 80.6485630273819, 80.21150040626526, 80.31985378265381, 80.1510466337204, 80.11010158061981, 79.9896537065506], 'accuracy': [0.3503230437903805, 0.3503230437903805, 0.3503230437903805, 0.3503230437903805, 0.3503230437903805, 0.3503230437903805, 0.3503230437903805, 0.3503230437903805, 0.3503230437903805, 0.3503230437903805], 'recall': [0.3503230437903805, 0.3503230437903805, 0.3503230437903805, 0.3503230437903805, 0.3503230437903805, 0.3503230437903805, 0.3503230437903805, 0.3503230437903805, 0.3503230437903805, 0.3503230437903805], 'precision': [0.12272623501055685, 0.12272623501055685, 0.12272623501055685, 0.12272623501055685, 0.12272623501055685, 0.12272623501055685, 0.12272623501055685, 0.12272623501055685, 0.12272623501055685, 0.12272623501055685], 'f1': [0.18177314765518943, 0.18177314765518943, 0.18177314765518943, 0.18177314765518943, 0.18177314765518943, 0.18177314765518943, 0.18177314765518943, 0.18177314765518943, 0.18177314765518943, 0.18177314765518943], 'r2': [-1.0751933343217646, -1.0751933343217646, -1.0751933343217646, -1.0751933343217646, -1.0751933343217646, -1.0751933343217646, -1.0751933343217646, -1.0751933343217646, -1.0751933343217646, -1.0751933343217646]}
Epoch time 22.94
{'train_loss': [98.2096803188324, 87.30219888687134, 81.5058000087738, 80.8410472869873, 80.6485630273819, 80.21150040626526, 80.31985378265381, 80.1510466337204, 80.11010158061981, 79.9896537065506, 80.15405213832855], 'accuracy': [0.3503230437903805, 0.3503230437903805, 0.3503230437903805, 0.3503230437903805, 0.3503230437903805, 0.3503230437903805, 0.3503230437903805, 0.3503230437903805, 0.3503230437903805, 0.3503230437903805, 0.3503230437903805], 'recall': [0.3503230437903805, 0.3503230437903805, 0.3503230437903805, 0.3503230437903805, 0.3503230437903805, 0.3503230437903805, 0.3503230437903805, 0.3503230437903805, 0.3503230437903805, 0.3503230437903805, 0.3503230437903805], 'precision': [0.12272623501055685, 0.12272623501055685, 0.12272623501055685, 0.12272623501055685, 0.12272623501055685, 0.12272623501055685, 0.12272623501055685, 0.12272623501055685, 0.12272623501055685, 0.12272623501055685, 0.12272623501055685], 'f1': [0.18177314765518943, 0.18177314765518943, 0.18177314765518943, 0.18177314765518943, 0.18177314765518943, 0.18177314765518943, 0.18177314765518943, 0.18177314765518943, 0.18177314765518943, 0.18177314765518943, 0.18177314765518943], 'r2': [-1.0751933343217646, -1.0751933343217646, -1.0751933343217646, -1.0751933343217646, -1.0751933343217646, -1.0751933343217646, -1.0751933343217646, -1.0751933343217646, -1.0751933343217646, -1.0751933343217646, -1.0751933343217646]}
Epoch time 22.87
{'train_loss': [98.2096803188324, 87.30219888687134, 81.5058000087738, 80.8410472869873, 80.6485630273819, 80.21150040626526, 80.31985378265381, 80.1510466337204, 80.11010158061981, 79.9896537065506, 80.15405213832855, 80.09288704395294], 'accuracy': [0.3503230437903805, 0.3503230437903805, 0.3503230437903805, 0.3503230437903805, 0.3503230437903805, 0.3503230437903805, 0.3503230437903805, 0.3503230437903805, 0.3503230437903805, 0.3503230437903805, 0.3503230437903805, 0.3503230437903805], 'recall': [0.3503230437903805, 0.3503230437903805, 0.3503230437903805, 0.3503230437903805, 0.3503230437903805, 0.3503230437903805, 0.3503230437903805, 0.3503230437903805, 0.3503230437903805, 0.3503230437903805, 0.3503230437903805, 0.3503230437903805], 'precision': [0.12272623501055685, 0.12272623501055685, 0.12272623501055685, 0.12272623501055685, 0.12272623501055685, 0.12272623501055685, 0.12272623501055685, 0.12272623501055685, 0.12272623501055685, 0.12272623501055685, 0.12272623501055685, 0.12272623501055685], 'f1': [0.18177314765518943, 0.18177314765518943, 0.18177314765518943, 0.18177314765518943, 0.18177314765518943, 0.18177314765518943, 0.18177314765518943, 0.18177314765518943, 0.18177314765518943, 0.18177314765518943, 0.18177314765518943, 0.18177314765518943], 'r2': [-1.0751933343217646, -1.0751933343217646, -1.0751933343217646, -1.0751933343217646, -1.0751933343217646, -1.0751933343217646, -1.0751933343217646, -1.0751933343217646, -1.0751933343217646, -1.0751933343217646, -1.0751933343217646, -1.0751933343217646]}
Epoch time 23.08
{'train_loss': [98.2096803188324, 87.30219888687134, 81.5058000087738, 80.8410472869873, 80.6485630273819, 80.21150040626526, 80.31985378265381, 80.1510466337204, 80.11010158061981, 79.9896537065506, 80.15405213832855, 80.09288704395294, 80.2416934967041], 'accuracy': [0.3503230437903805, 0.3503230437903805, 0.3503230437903805, 0.3503230437903805, 0.3503230437903805, 0.3503230437903805, 0.3503230437903805, 0.3503230437903805, 0.3503230437903805, 0.3503230437903805, 0.3503230437903805, 0.3503230437903805, 0.3503230437903805], 'recall': [0.3503230437903805, 0.3503230437903805, 0.3503230437903805, 0.3503230437903805, 0.3503230437903805, 0.3503230437903805, 0.3503230437903805, 0.3503230437903805, 0.3503230437903805, 0.3503230437903805, 0.3503230437903805, 0.3503230437903805, 0.3503230437903805], 'precision': [0.12272623501055685, 0.12272623501055685, 0.12272623501055685, 0.12272623501055685, 0.12272623501055685, 0.12272623501055685, 0.12272623501055685, 0.12272623501055685, 0.12272623501055685, 0.12272623501055685, 0.12272623501055685, 0.12272623501055685, 0.12272623501055685], 'f1': [0.18177314765518943, 0.18177314765518943, 0.18177314765518943, 0.18177314765518943, 0.18177314765518943, 0.18177314765518943, 0.18177314765518943, 0.18177314765518943, 0.18177314765518943, 0.18177314765518943, 0.18177314765518943, 0.18177314765518943, 0.18177314765518943], 'r2': [-1.0751933343217646, -1.0751933343217646, -1.0751933343217646, -1.0751933343217646, -1.0751933343217646, -1.0751933343217646, -1.0751933343217646, -1.0751933343217646, -1.0751933343217646, -1.0751933343217646, -1.0751933343217646, -1.0751933343217646, -1.0751933343217646]}
Epoch time 22.40
{'train_loss': [98.2096803188324, 87.30219888687134, 81.5058000087738, 80.8410472869873, 80.6485630273819, 80.21150040626526, 80.31985378265381, 80.1510466337204, 80.11010158061981, 79.9896537065506, 80.15405213832855, 80.09288704395294, 80.2416934967041, 79.90261518955231], 'accuracy': [0.3503230437903805, 0.3503230437903805, 0.3503230437903805, 0.3503230437903805, 0.3503230437903805, 0.3503230437903805, 0.3503230437903805, 0.3503230437903805, 0.3503230437903805, 0.3503230437903805, 0.3503230437903805, 0.3503230437903805, 0.3503230437903805, 0.3503230437903805], 'recall': [0.3503230437903805, 0.3503230437903805, 0.3503230437903805, 0.3503230437903805, 0.3503230437903805, 0.3503230437903805, 0.3503230437903805, 0.3503230437903805, 0.3503230437903805, 0.3503230437903805, 0.3503230437903805, 0.3503230437903805, 0.3503230437903805, 0.3503230437903805], 'precision': [0.12272623501055685, 0.12272623501055685, 0.12272623501055685, 0.12272623501055685, 0.12272623501055685, 0.12272623501055685, 0.12272623501055685, 0.12272623501055685, 0.12272623501055685, 0.12272623501055685, 0.12272623501055685, 0.12272623501055685, 0.12272623501055685, 0.12272623501055685], 'f1': [0.18177314765518943, 0.18177314765518943, 0.18177314765518943, 0.18177314765518943, 0.18177314765518943, 0.18177314765518943, 0.18177314765518943, 0.18177314765518943, 0.18177314765518943, 0.18177314765518943, 0.18177314765518943, 0.18177314765518943, 0.18177314765518943, 0.18177314765518943], 'r2': [-1.0751933343217646, -1.0751933343217646, -1.0751933343217646, -1.0751933343217646, -1.0751933343217646, -1.0751933343217646, -1.0751933343217646, -1.0751933343217646, -1.0751933343217646, -1.0751933343217646, -1.0751933343217646, -1.0751933343217646, -1.0751933343217646, -1.0751933343217646]}
Epoch time 22.67
{'train_loss': [98.2096803188324, 87.30219888687134, 81.5058000087738, 80.8410472869873, 80.6485630273819, 80.21150040626526, 80.31985378265381, 80.1510466337204, 80.11010158061981, 79.9896537065506, 80.15405213832855, 80.09288704395294, 80.2416934967041, 79.90261518955231, 79.95457553863525], 'accuracy': [0.3503230437903805, 0.3503230437903805, 0.3503230437903805, 0.3503230437903805, 0.3503230437903805, 0.3503230437903805, 0.3503230437903805, 0.3503230437903805, 0.3503230437903805, 0.3503230437903805, 0.3503230437903805, 0.3503230437903805, 0.3503230437903805, 0.3503230437903805, 0.3503230437903805], 'recall': [0.3503230437903805, 0.3503230437903805, 0.3503230437903805, 0.3503230437903805, 0.3503230437903805, 0.3503230437903805, 0.3503230437903805, 0.3503230437903805, 0.3503230437903805, 0.3503230437903805, 0.3503230437903805, 0.3503230437903805, 0.3503230437903805, 0.3503230437903805, 0.3503230437903805], 'precision': [0.12272623501055685, 0.12272623501055685, 0.12272623501055685, 0.12272623501055685, 0.12272623501055685, 0.12272623501055685, 0.12272623501055685, 0.12272623501055685, 0.12272623501055685, 0.12272623501055685, 0.12272623501055685, 0.12272623501055685, 0.12272623501055685, 0.12272623501055685, 0.12272623501055685], 'f1': [0.18177314765518943, 0.18177314765518943, 0.18177314765518943, 0.18177314765518943, 0.18177314765518943, 0.18177314765518943, 0.18177314765518943, 0.18177314765518943, 0.18177314765518943, 0.18177314765518943, 0.18177314765518943, 0.18177314765518943, 0.18177314765518943, 0.18177314765518943, 0.18177314765518943], 'r2': [-1.0751933343217646, -1.0751933343217646, -1.0751933343217646, -1.0751933343217646, -1.0751933343217646, -1.0751933343217646, -1.0751933343217646, -1.0751933343217646, -1.0751933343217646, -1.0751933343217646, -1.0751933343217646, -1.0751933343217646, -1.0751933343217646, -1.0751933343217646, -1.0751933343217646]}
Epoch time 22.22
{'train_loss': [98.2096803188324, 87.30219888687134, 81.5058000087738, 80.8410472869873, 80.6485630273819, 80.21150040626526, 80.31985378265381, 80.1510466337204, 80.11010158061981, 79.9896537065506, 80.15405213832855, 80.09288704395294, 80.2416934967041, 79.90261518955231, 79.95457553863525, 79.9648209810257], 'accuracy': [0.3503230437903805, 0.3503230437903805, 0.3503230437903805, 0.3503230437903805, 0.3503230437903805, 0.3503230437903805, 0.3503230437903805, 0.3503230437903805, 0.3503230437903805, 0.3503230437903805, 0.3503230437903805, 0.3503230437903805, 0.3503230437903805, 0.3503230437903805, 0.3503230437903805, 0.3503230437903805], 'recall': [0.3503230437903805, 0.3503230437903805, 0.3503230437903805, 0.3503230437903805, 0.3503230437903805, 0.3503230437903805, 0.3503230437903805, 0.3503230437903805, 0.3503230437903805, 0.3503230437903805, 0.3503230437903805, 0.3503230437903805, 0.3503230437903805, 0.3503230437903805, 0.3503230437903805, 0.3503230437903805], 'precision': [0.12272623501055685, 0.12272623501055685, 0.12272623501055685, 0.12272623501055685, 0.12272623501055685, 0.12272623501055685, 0.12272623501055685, 0.12272623501055685, 0.12272623501055685, 0.12272623501055685, 0.12272623501055685, 0.12272623501055685, 0.12272623501055685, 0.12272623501055685, 0.12272623501055685, 0.12272623501055685], 'f1': [0.18177314765518943, 0.18177314765518943, 0.18177314765518943, 0.18177314765518943, 0.18177314765518943, 0.18177314765518943, 0.18177314765518943, 0.18177314765518943, 0.18177314765518943, 0.18177314765518943, 0.18177314765518943, 0.18177314765518943, 0.18177314765518943, 0.18177314765518943, 0.18177314765518943, 0.18177314765518943], 'r2': [-1.0751933343217646, -1.0751933343217646, -1.0751933343217646, -1.0751933343217646, -1.0751933343217646, -1.0751933343217646, -1.0751933343217646, -1.0751933343217646, -1.0751933343217646, -1.0751933343217646, -1.0751933343217646, -1.0751933343217646, -1.0751933343217646, -1.0751933343217646, -1.0751933343217646, -1.0751933343217646]}
Epoch time 21.40
{'train_loss': [98.2096803188324, 87.30219888687134, 81.5058000087738, 80.8410472869873, 80.6485630273819, 80.21150040626526, 80.31985378265381, 80.1510466337204, 80.11010158061981, 79.9896537065506, 80.15405213832855, 80.09288704395294, 80.2416934967041, 79.90261518955231, 79.95457553863525, 79.9648209810257, 80.25225067138672], 'accuracy': [0.3503230437903805, 0.3503230437903805, 0.3503230437903805, 0.3503230437903805, 0.3503230437903805, 0.3503230437903805, 0.3503230437903805, 0.3503230437903805, 0.3503230437903805, 0.3503230437903805, 0.3503230437903805, 0.3503230437903805, 0.3503230437903805, 0.3503230437903805, 0.3503230437903805, 0.3503230437903805, 0.3503230437903805], 'recall': [0.3503230437903805, 0.3503230437903805, 0.3503230437903805, 0.3503230437903805, 0.3503230437903805, 0.3503230437903805, 0.3503230437903805, 0.3503230437903805, 0.3503230437903805, 0.3503230437903805, 0.3503230437903805, 0.3503230437903805, 0.3503230437903805, 0.3503230437903805, 0.3503230437903805, 0.3503230437903805, 0.3503230437903805], 'precision': [0.12272623501055685, 0.12272623501055685, 0.12272623501055685, 0.12272623501055685, 0.12272623501055685, 0.12272623501055685, 0.12272623501055685, 0.12272623501055685, 0.12272623501055685, 0.12272623501055685, 0.12272623501055685, 0.12272623501055685, 0.12272623501055685, 0.12272623501055685, 0.12272623501055685, 0.12272623501055685, 0.12272623501055685], 'f1': [0.18177314765518943, 0.18177314765518943, 0.18177314765518943, 0.18177314765518943, 0.18177314765518943, 0.18177314765518943, 0.18177314765518943, 0.18177314765518943, 0.18177314765518943, 0.18177314765518943, 0.18177314765518943, 0.18177314765518943, 0.18177314765518943, 0.18177314765518943, 0.18177314765518943, 0.18177314765518943, 0.18177314765518943], 'r2': [-1.0751933343217646, -1.0751933343217646, -1.0751933343217646, -1.0751933343217646, -1.0751933343217646, -1.0751933343217646, -1.0751933343217646, -1.0751933343217646, -1.0751933343217646, -1.0751933343217646, -1.0751933343217646, -1.0751933343217646, -1.0751933343217646, -1.0751933343217646, -1.0751933343217646, -1.0751933343217646, -1.0751933343217646]}
Epoch time 20.24
{'train_loss': [98.2096803188324, 87.30219888687134, 81.5058000087738, 80.8410472869873, 80.6485630273819, 80.21150040626526, 80.31985378265381, 80.1510466337204, 80.11010158061981, 79.9896537065506, 80.15405213832855, 80.09288704395294, 80.2416934967041, 79.90261518955231, 79.95457553863525, 79.9648209810257, 80.25225067138672, 79.79943764209747], 'accuracy': [0.3503230437903805, 0.3503230437903805, 0.3503230437903805, 0.3503230437903805, 0.3503230437903805, 0.3503230437903805, 0.3503230437903805, 0.3503230437903805, 0.3503230437903805, 0.3503230437903805, 0.3503230437903805, 0.3503230437903805, 0.3503230437903805, 0.3503230437903805, 0.3503230437903805, 0.3503230437903805, 0.3503230437903805, 0.3503230437903805], 'recall': [0.3503230437903805, 0.3503230437903805, 0.3503230437903805, 0.3503230437903805, 0.3503230437903805, 0.3503230437903805, 0.3503230437903805, 0.3503230437903805, 0.3503230437903805, 0.3503230437903805, 0.3503230437903805, 0.3503230437903805, 0.3503230437903805, 0.3503230437903805, 0.3503230437903805, 0.3503230437903805, 0.3503230437903805, 0.3503230437903805], 'precision': [0.12272623501055685, 0.12272623501055685, 0.12272623501055685, 0.12272623501055685, 0.12272623501055685, 0.12272623501055685, 0.12272623501055685, 0.12272623501055685, 0.12272623501055685, 0.12272623501055685, 0.12272623501055685, 0.12272623501055685, 0.12272623501055685, 0.12272623501055685, 0.12272623501055685, 0.12272623501055685, 0.12272623501055685, 0.12272623501055685], 'f1': [0.18177314765518943, 0.18177314765518943, 0.18177314765518943, 0.18177314765518943, 0.18177314765518943, 0.18177314765518943, 0.18177314765518943, 0.18177314765518943, 0.18177314765518943, 0.18177314765518943, 0.18177314765518943, 0.18177314765518943, 0.18177314765518943, 0.18177314765518943, 0.18177314765518943, 0.18177314765518943, 0.18177314765518943, 0.18177314765518943], 'r2': [-1.0751933343217646, -1.0751933343217646, -1.0751933343217646, -1.0751933343217646, -1.0751933343217646, -1.0751933343217646, -1.0751933343217646, -1.0751933343217646, -1.0751933343217646, -1.0751933343217646, -1.0751933343217646, -1.0751933343217646, -1.0751933343217646, -1.0751933343217646, -1.0751933343217646, -1.0751933343217646, -1.0751933343217646, -1.0751933343217646]}
Epoch time 21.05
{'train_loss': [98.2096803188324, 87.30219888687134, 81.5058000087738, 80.8410472869873, 80.6485630273819, 80.21150040626526, 80.31985378265381, 80.1510466337204, 80.11010158061981, 79.9896537065506, 80.15405213832855, 80.09288704395294, 80.2416934967041, 79.90261518955231, 79.95457553863525, 79.9648209810257, 80.25225067138672, 79.79943764209747, 79.94531857967377], 'accuracy': [0.3503230437903805, 0.3503230437903805, 0.3503230437903805, 0.3503230437903805, 0.3503230437903805, 0.3503230437903805, 0.3503230437903805, 0.3503230437903805, 0.3503230437903805, 0.3503230437903805, 0.3503230437903805, 0.3503230437903805, 0.3503230437903805, 0.3503230437903805, 0.3503230437903805, 0.3503230437903805, 0.3503230437903805, 0.3503230437903805, 0.3503230437903805], 'recall': [0.3503230437903805, 0.3503230437903805, 0.3503230437903805, 0.3503230437903805, 0.3503230437903805, 0.3503230437903805, 0.3503230437903805, 0.3503230437903805, 0.3503230437903805, 0.3503230437903805, 0.3503230437903805, 0.3503230437903805, 0.3503230437903805, 0.3503230437903805, 0.3503230437903805, 0.3503230437903805, 0.3503230437903805, 0.3503230437903805, 0.3503230437903805], 'precision': [0.12272623501055685, 0.12272623501055685, 0.12272623501055685, 0.12272623501055685, 0.12272623501055685, 0.12272623501055685, 0.12272623501055685, 0.12272623501055685, 0.12272623501055685, 0.12272623501055685, 0.12272623501055685, 0.12272623501055685, 0.12272623501055685, 0.12272623501055685, 0.12272623501055685, 0.12272623501055685, 0.12272623501055685, 0.12272623501055685, 0.12272623501055685], 'f1': [0.18177314765518943, 0.18177314765518943, 0.18177314765518943, 0.18177314765518943, 0.18177314765518943, 0.18177314765518943, 0.18177314765518943, 0.18177314765518943, 0.18177314765518943, 0.18177314765518943, 0.18177314765518943, 0.18177314765518943, 0.18177314765518943, 0.18177314765518943, 0.18177314765518943, 0.18177314765518943, 0.18177314765518943, 0.18177314765518943, 0.18177314765518943], 'r2': [-1.0751933343217646, -1.0751933343217646, -1.0751933343217646, -1.0751933343217646, -1.0751933343217646, -1.0751933343217646, -1.0751933343217646, -1.0751933343217646, -1.0751933343217646, -1.0751933343217646, -1.0751933343217646, -1.0751933343217646, -1.0751933343217646, -1.0751933343217646, -1.0751933343217646, -1.0751933343217646, -1.0751933343217646, -1.0751933343217646, -1.0751933343217646]}
Epoch time 24.72
{'train_loss': [98.2096803188324, 87.30219888687134, 81.5058000087738, 80.8410472869873, 80.6485630273819, 80.21150040626526, 80.31985378265381, 80.1510466337204, 80.11010158061981, 79.9896537065506, 80.15405213832855, 80.09288704395294, 80.2416934967041, 79.90261518955231, 79.95457553863525, 79.9648209810257, 80.25225067138672, 79.79943764209747, 79.94531857967377, 79.85639476776123], 'accuracy': [0.3503230437903805, 0.3503230437903805, 0.3503230437903805, 0.3503230437903805, 0.3503230437903805, 0.3503230437903805, 0.3503230437903805, 0.3503230437903805, 0.3503230437903805, 0.3503230437903805, 0.3503230437903805, 0.3503230437903805, 0.3503230437903805, 0.3503230437903805, 0.3503230437903805, 0.3503230437903805, 0.3503230437903805, 0.3503230437903805, 0.3503230437903805, 0.3503230437903805], 'recall': [0.3503230437903805, 0.3503230437903805, 0.3503230437903805, 0.3503230437903805, 0.3503230437903805, 0.3503230437903805, 0.3503230437903805, 0.3503230437903805, 0.3503230437903805, 0.3503230437903805, 0.3503230437903805, 0.3503230437903805, 0.3503230437903805, 0.3503230437903805, 0.3503230437903805, 0.3503230437903805, 0.3503230437903805, 0.3503230437903805, 0.3503230437903805, 0.3503230437903805], 'precision': [0.12272623501055685, 0.12272623501055685, 0.12272623501055685, 0.12272623501055685, 0.12272623501055685, 0.12272623501055685, 0.12272623501055685, 0.12272623501055685, 0.12272623501055685, 0.12272623501055685, 0.12272623501055685, 0.12272623501055685, 0.12272623501055685, 0.12272623501055685, 0.12272623501055685, 0.12272623501055685, 0.12272623501055685, 0.12272623501055685, 0.12272623501055685, 0.12272623501055685], 'f1': [0.18177314765518943, 0.18177314765518943, 0.18177314765518943, 0.18177314765518943, 0.18177314765518943, 0.18177314765518943, 0.18177314765518943, 0.18177314765518943, 0.18177314765518943, 0.18177314765518943, 0.18177314765518943, 0.18177314765518943, 0.18177314765518943, 0.18177314765518943, 0.18177314765518943, 0.18177314765518943, 0.18177314765518943, 0.18177314765518943, 0.18177314765518943, 0.18177314765518943], 'r2': [-1.0751933343217646, -1.0751933343217646, -1.0751933343217646, -1.0751933343217646, -1.0751933343217646, -1.0751933343217646, -1.0751933343217646, -1.0751933343217646, -1.0751933343217646, -1.0751933343217646, -1.0751933343217646, -1.0751933343217646, -1.0751933343217646, -1.0751933343217646, -1.0751933343217646, -1.0751933343217646, -1.0751933343217646, -1.0751933343217646, -1.0751933343217646, -1.0751933343217646]}
Total training time: 874.65 s
Finished Training
