MichCnn1_base_lr=0.01_momentum=0.9
[1,   100] loss: 0.105, time: 6.71 seconds
[1,   200] loss: 0.199, time: 13.23 seconds
[1,   300] loss: 0.293, time: 19.72 seconds
[1,   400] loss: 0.389, time: 26.14 seconds
[1,   500] loss: 0.484, time: 32.60 seconds
[1,   600] loss: 0.577, time: 39.27 seconds
[1,   700] loss: 0.673, time: 45.73 seconds
[1,   800] loss: 0.761, time: 53.38 seconds
[1,   900] loss: 0.857, time: 64.40 seconds
[1,  1000] loss: 0.953, time: 75.24 seconds
[1,  1100] loss: 1.043, time: 86.28 seconds
[1,  1200] loss: 1.133, time: 97.43 seconds
[1,  1300] loss: 1.225, time: 108.86 seconds
Epoch time 119.70
{'train_loss': [2633.2703793495893], 'accuracy': [0.3503230437903805], 'recall': [0.3503230437903805], 'precision': [0.12272623501055685], 'f1': [0.18177314765518943], 'r2': [-1.0751933343217646]}
[2,   100] loss: 0.093, time: 165.81 seconds
[2,   200] loss: 0.188, time: 174.91 seconds
[2,   300] loss: 0.282, time: 181.98 seconds
[2,   400] loss: 0.373, time: 193.04 seconds
[2,   500] loss: 0.460, time: 204.52 seconds
[2,   600] loss: 0.551, time: 215.94 seconds
[2,   700] loss: 0.642, time: 227.28 seconds
[2,   800] loss: 0.736, time: 238.50 seconds
[2,   900] loss: 0.828, time: 249.62 seconds
[2,  1000] loss: 0.917, time: 261.19 seconds
[2,  1100] loss: 1.010, time: 272.42 seconds
[2,  1200] loss: 1.104, time: 283.39 seconds
[2,  1300] loss: 1.199, time: 294.16 seconds
Epoch time 144.36
{'train_loss': [2633.2703793495893, 2574.1185326576233], 'accuracy': [0.3503230437903805, 0.3503230437903805], 'recall': [0.3503230437903805, 0.3503230437903805], 'precision': [0.12272623501055685, 0.12272623501055685], 'f1': [0.18177314765518943, 0.18177314765518943], 'r2': [-1.0751933343217646, -1.0751933343217646]}
[3,   100] loss: 0.093, time: 325.34 seconds
[3,   200] loss: 0.189, time: 330.98 seconds
[3,   300] loss: 0.279, time: 336.84 seconds
[3,   400] loss: 0.370, time: 342.33 seconds
[3,   500] loss: 0.459, time: 348.36 seconds
[3,   600] loss: 0.549, time: 354.40 seconds
[3,   700] loss: 0.642, time: 360.18 seconds
[3,   800] loss: 0.736, time: 365.93 seconds
[3,   900] loss: 0.830, time: 371.81 seconds
[3,  1000] loss: 0.924, time: 378.38 seconds
[3,  1100] loss: 1.015, time: 384.56 seconds
[3,  1200] loss: 1.109, time: 390.27 seconds
[3,  1300] loss: 1.197, time: 395.57 seconds
Epoch time 82.97
{'train_loss': [2633.2703793495893, 2574.1185326576233, 2565.1775317192078], 'accuracy': [0.3503230437903805, 0.3503230437903805, 0.3503230437903805], 'recall': [0.3503230437903805, 0.3503230437903805, 0.3503230437903805], 'precision': [0.12272623501055685, 0.12272623501055685, 0.12272623501055685], 'f1': [0.18177314765518943, 0.18177314765518943, 0.18177314765518943], 'r2': [-1.0751933343217646, -1.0751933343217646, -1.0751933343217646]}
[4,   100] loss: 0.095, time: 427.16 seconds
[4,   200] loss: 0.184, time: 433.09 seconds
[4,   300] loss: 0.276, time: 439.07 seconds
[4,   400] loss: 0.367, time: 445.37 seconds
[4,   500] loss: 0.460, time: 451.48 seconds
[4,   600] loss: 0.554, time: 457.21 seconds
[4,   700] loss: 0.647, time: 463.03 seconds
[4,   800] loss: 0.739, time: 468.71 seconds
[4,   900] loss: 0.835, time: 474.08 seconds
[4,  1000] loss: 0.927, time: 479.81 seconds
[4,  1100] loss: 1.022, time: 485.43 seconds
[4,  1200] loss: 1.113, time: 491.76 seconds
[4,  1300] loss: 1.205, time: 497.44 seconds
Epoch time 82.07
{'train_loss': [2633.2703793495893, 2574.1185326576233, 2565.1775317192078, 2560.587618112564], 'accuracy': [0.3503230437903805, 0.3503230437903805, 0.3503230437903805, 0.3503230437903805], 'recall': [0.3503230437903805, 0.3503230437903805, 0.3503230437903805, 0.3503230437903805], 'precision': [0.12272623501055685, 0.12272623501055685, 0.12272623501055685, 0.12272623501055685], 'f1': [0.18177314765518943, 0.18177314765518943, 0.18177314765518943, 0.18177314765518943], 'r2': [-1.0751933343217646, -1.0751933343217646, -1.0751933343217646, -1.0751933343217646]}
[5,   100] loss: 0.093, time: 527.07 seconds
[5,   200] loss: 0.184, time: 532.94 seconds
[5,   300] loss: 0.275, time: 538.85 seconds
[5,   400] loss: 0.370, time: 544.87 seconds
[5,   500] loss: 0.462, time: 550.44 seconds
[5,   600] loss: 0.556, time: 556.98 seconds
[5,   700] loss: 0.646, time: 563.13 seconds
[5,   800] loss: 0.738, time: 569.67 seconds
[5,   900] loss: 0.831, time: 575.10 seconds
[5,  1000] loss: 0.922, time: 580.17 seconds
[5,  1100] loss: 1.011, time: 585.18 seconds
[5,  1200] loss: 1.105, time: 590.39 seconds
[5,  1300] loss: 1.197, time: 596.55 seconds
Epoch time 81.59
{'train_loss': [2633.2703793495893, 2574.1185326576233, 2565.1775317192078, 2560.587618112564, 2562.487416446209], 'accuracy': [0.3503230437903805, 0.3503230437903805, 0.3503230437903805, 0.3503230437903805, 0.3503230437903805], 'recall': [0.3503230437903805, 0.3503230437903805, 0.3503230437903805, 0.3503230437903805, 0.3503230437903805], 'precision': [0.12272623501055685, 0.12272623501055685, 0.12272623501055685, 0.12272623501055685, 0.12272623501055685], 'f1': [0.18177314765518943, 0.18177314765518943, 0.18177314765518943, 0.18177314765518943, 0.18177314765518943], 'r2': [-1.0751933343217646, -1.0751933343217646, -1.0751933343217646, -1.0751933343217646, -1.0751933343217646]}
[6,   100] loss: 0.091, time: 627.25 seconds
[6,   200] loss: 0.183, time: 635.52 seconds
[6,   300] loss: 0.276, time: 641.55 seconds
[6,   400] loss: 0.363, time: 647.66 seconds
[6,   500] loss: 0.458, time: 654.85 seconds
[6,   600] loss: 0.551, time: 660.82 seconds
[6,   700] loss: 0.642, time: 667.76 seconds
[6,   800] loss: 0.734, time: 674.20 seconds
[6,   900] loss: 0.826, time: 680.44 seconds
[6,  1000] loss: 0.916, time: 686.04 seconds
[6,  1100] loss: 1.010, time: 691.67 seconds
[6,  1200] loss: 1.100, time: 697.30 seconds
[6,  1300] loss: 1.192, time: 703.20 seconds
Epoch time 88.29
{'train_loss': [2633.2703793495893, 2574.1185326576233, 2565.1775317192078, 2560.587618112564, 2562.487416446209, 2555.13659709692], 'accuracy': [0.3503230437903805, 0.3503230437903805, 0.3503230437903805, 0.3503230437903805, 0.3503230437903805, 0.3503230437903805], 'recall': [0.3503230437903805, 0.3503230437903805, 0.3503230437903805, 0.3503230437903805, 0.3503230437903805, 0.3503230437903805], 'precision': [0.12272623501055685, 0.12272623501055685, 0.12272623501055685, 0.12272623501055685, 0.12272623501055685, 0.12272623501055685], 'f1': [0.18177314765518943, 0.18177314765518943, 0.18177314765518943, 0.18177314765518943, 0.18177314765518943, 0.18177314765518943], 'r2': [-1.0751933343217646, -1.0751933343217646, -1.0751933343217646, -1.0751933343217646, -1.0751933343217646, -1.0751933343217646]}
[7,   100] loss: 0.091, time: 731.32 seconds
[7,   200] loss: 0.182, time: 736.81 seconds
[7,   300] loss: 0.272, time: 742.60 seconds
[7,   400] loss: 0.360, time: 748.17 seconds
[7,   500] loss: 0.450, time: 754.30 seconds
[7,   600] loss: 0.545, time: 760.64 seconds
[7,   700] loss: 0.639, time: 767.14 seconds
[7,   800] loss: 0.733, time: 773.32 seconds
[7,   900] loss: 0.828, time: 780.73 seconds
[7,  1000] loss: 0.920, time: 786.81 seconds
[7,  1100] loss: 1.010, time: 792.45 seconds
[7,  1200] loss: 1.104, time: 798.19 seconds
[7,  1300] loss: 1.194, time: 804.08 seconds
Epoch time 83.69
{'train_loss': [2633.2703793495893, 2574.1185326576233, 2565.1775317192078, 2560.587618112564, 2562.487416446209, 2555.13659709692, 2557.515174329281], 'accuracy': [0.3503230437903805, 0.3503230437903805, 0.3503230437903805, 0.3503230437903805, 0.3503230437903805, 0.3503230437903805, 0.3503230437903805], 'recall': [0.3503230437903805, 0.3503230437903805, 0.3503230437903805, 0.3503230437903805, 0.3503230437903805, 0.3503230437903805, 0.3503230437903805], 'precision': [0.12272623501055685, 0.12272623501055685, 0.12272623501055685, 0.12272623501055685, 0.12272623501055685, 0.12272623501055685, 0.12272623501055685], 'f1': [0.18177314765518943, 0.18177314765518943, 0.18177314765518943, 0.18177314765518943, 0.18177314765518943, 0.18177314765518943, 0.18177314765518943], 'r2': [-1.0751933343217646, -1.0751933343217646, -1.0751933343217646, -1.0751933343217646, -1.0751933343217646, -1.0751933343217646, -1.0751933343217646]}
[8,   100] loss: 0.094, time: 832.58 seconds
[8,   200] loss: 0.187, time: 838.15 seconds
[8,   300] loss: 0.279, time: 843.82 seconds
[8,   400] loss: 0.376, time: 849.35 seconds
[8,   500] loss: 0.468, time: 855.17 seconds
[8,   600] loss: 0.562, time: 860.93 seconds
[8,   700] loss: 0.658, time: 866.67 seconds
[8,   800] loss: 0.742, time: 872.43 seconds
[8,   900] loss: 0.830, time: 877.95 seconds
[8,  1000] loss: 0.923, time: 883.64 seconds
[8,  1100] loss: 1.013, time: 889.38 seconds
[8,  1200] loss: 1.099, time: 895.20 seconds
[8,  1300] loss: 1.192, time: 900.80 seconds
Epoch time 79.09
{'train_loss': [2633.2703793495893, 2574.1185326576233, 2565.1775317192078, 2560.587618112564, 2562.487416446209, 2555.13659709692, 2557.515174329281, 2552.261632859707], 'accuracy': [0.3503230437903805, 0.3503230437903805, 0.3503230437903805, 0.3503230437903805, 0.3503230437903805, 0.3503230437903805, 0.3503230437903805, 0.3503230437903805], 'recall': [0.3503230437903805, 0.3503230437903805, 0.3503230437903805, 0.3503230437903805, 0.3503230437903805, 0.3503230437903805, 0.3503230437903805, 0.3503230437903805], 'precision': [0.12272623501055685, 0.12272623501055685, 0.12272623501055685, 0.12272623501055685, 0.12272623501055685, 0.12272623501055685, 0.12272623501055685, 0.12272623501055685], 'f1': [0.18177314765518943, 0.18177314765518943, 0.18177314765518943, 0.18177314765518943, 0.18177314765518943, 0.18177314765518943, 0.18177314765518943, 0.18177314765518943], 'r2': [-1.0751933343217646, -1.0751933343217646, -1.0751933343217646, -1.0751933343217646, -1.0751933343217646, -1.0751933343217646, -1.0751933343217646, -1.0751933343217646]}
[9,   100] loss: 0.088, time: 930.03 seconds
[9,   200] loss: 0.179, time: 935.21 seconds
[9,   300] loss: 0.274, time: 940.50 seconds
[9,   400] loss: 0.363, time: 945.67 seconds
[9,   500] loss: 0.455, time: 950.84 seconds
[9,   600] loss: 0.547, time: 955.99 seconds
[9,   700] loss: 0.639, time: 961.14 seconds
[9,   800] loss: 0.733, time: 966.33 seconds
[9,   900] loss: 0.826, time: 971.48 seconds
[9,  1000] loss: 0.921, time: 976.81 seconds
[9,  1100] loss: 1.015, time: 982.12 seconds
[9,  1200] loss: 1.105, time: 987.45 seconds
[9,  1300] loss: 1.194, time: 992.64 seconds
Epoch time 73.02
{'train_loss': [2633.2703793495893, 2574.1185326576233, 2565.1775317192078, 2560.587618112564, 2562.487416446209, 2555.13659709692, 2557.515174329281, 2552.261632859707, 2554.2626433968544], 'accuracy': [0.3503230437903805, 0.3503230437903805, 0.3503230437903805, 0.3503230437903805, 0.3503230437903805, 0.3503230437903805, 0.3503230437903805, 0.3503230437903805, 0.3503230437903805], 'recall': [0.3503230437903805, 0.3503230437903805, 0.3503230437903805, 0.3503230437903805, 0.3503230437903805, 0.3503230437903805, 0.3503230437903805, 0.3503230437903805, 0.3503230437903805], 'precision': [0.12272623501055685, 0.12272623501055685, 0.12272623501055685, 0.12272623501055685, 0.12272623501055685, 0.12272623501055685, 0.12272623501055685, 0.12272623501055685, 0.12272623501055685], 'f1': [0.18177314765518943, 0.18177314765518943, 0.18177314765518943, 0.18177314765518943, 0.18177314765518943, 0.18177314765518943, 0.18177314765518943, 0.18177314765518943, 0.18177314765518943], 'r2': [-1.0751933343217646, -1.0751933343217646, -1.0751933343217646, -1.0751933343217646, -1.0751933343217646, -1.0751933343217646, -1.0751933343217646, -1.0751933343217646, -1.0751933343217646]}
[10,   100] loss: 0.095, time: 1018.37 seconds
[10,   200] loss: 0.189, time: 1023.52 seconds
[10,   300] loss: 0.275, time: 1028.75 seconds
[10,   400] loss: 0.368, time: 1033.91 seconds
[10,   500] loss: 0.457, time: 1039.10 seconds
[10,   600] loss: 0.551, time: 1044.27 seconds
[10,   700] loss: 0.638, time: 1049.44 seconds
[10,   800] loss: 0.732, time: 1054.60 seconds
[10,   900] loss: 0.827, time: 1059.78 seconds
[10,  1000] loss: 0.920, time: 1064.97 seconds
[10,  1100] loss: 1.013, time: 1070.19 seconds
[10,  1200] loss: 1.108, time: 1075.33 seconds
[10,  1300] loss: 1.198, time: 1080.52 seconds
Epoch time 72.22
{'train_loss': [2633.2703793495893, 2574.1185326576233, 2565.1775317192078, 2560.587618112564, 2562.487416446209, 2555.13659709692, 2557.515174329281, 2552.261632859707, 2554.2626433968544, 2548.242163002491], 'accuracy': [0.3503230437903805, 0.3503230437903805, 0.3503230437903805, 0.3503230437903805, 0.3503230437903805, 0.3503230437903805, 0.3503230437903805, 0.3503230437903805, 0.3503230437903805, 0.3503230437903805], 'recall': [0.3503230437903805, 0.3503230437903805, 0.3503230437903805, 0.3503230437903805, 0.3503230437903805, 0.3503230437903805, 0.3503230437903805, 0.3503230437903805, 0.3503230437903805, 0.3503230437903805], 'precision': [0.12272623501055685, 0.12272623501055685, 0.12272623501055685, 0.12272623501055685, 0.12272623501055685, 0.12272623501055685, 0.12272623501055685, 0.12272623501055685, 0.12272623501055685, 0.12272623501055685], 'f1': [0.18177314765518943, 0.18177314765518943, 0.18177314765518943, 0.18177314765518943, 0.18177314765518943, 0.18177314765518943, 0.18177314765518943, 0.18177314765518943, 0.18177314765518943, 0.18177314765518943], 'r2': [-1.0751933343217646, -1.0751933343217646, -1.0751933343217646, -1.0751933343217646, -1.0751933343217646, -1.0751933343217646, -1.0751933343217646, -1.0751933343217646, -1.0751933343217646, -1.0751933343217646]}
[11,   100] loss: 0.092, time: 1106.71 seconds
[11,   200] loss: 0.179, time: 1111.87 seconds
[11,   300] loss: 0.273, time: 1117.04 seconds
[11,   400] loss: 0.363, time: 1122.20 seconds
[11,   500] loss: 0.456, time: 1127.38 seconds
[11,   600] loss: 0.545, time: 1132.55 seconds
[11,   700] loss: 0.638, time: 1137.73 seconds
[11,   800] loss: 0.727, time: 1142.90 seconds
[11,   900] loss: 0.819, time: 1148.10 seconds
[11,  1000] loss: 0.911, time: 1153.33 seconds
[11,  1100] loss: 1.006, time: 1158.52 seconds
[11,  1200] loss: 1.098, time: 1163.76 seconds
[11,  1300] loss: 1.188, time: 1168.99 seconds
Epoch time 72.41
{'train_loss': [2633.2703793495893, 2574.1185326576233, 2565.1775317192078, 2560.587618112564, 2562.487416446209, 2555.13659709692, 2557.515174329281, 2552.261632859707, 2554.2626433968544, 2548.242163002491, 2553.131716430187], 'accuracy': [0.3503230437903805, 0.3503230437903805, 0.3503230437903805, 0.3503230437903805, 0.3503230437903805, 0.3503230437903805, 0.3503230437903805, 0.3503230437903805, 0.3503230437903805, 0.3503230437903805, 0.3503230437903805], 'recall': [0.3503230437903805, 0.3503230437903805, 0.3503230437903805, 0.3503230437903805, 0.3503230437903805, 0.3503230437903805, 0.3503230437903805, 0.3503230437903805, 0.3503230437903805, 0.3503230437903805, 0.3503230437903805], 'precision': [0.12272623501055685, 0.12272623501055685, 0.12272623501055685, 0.12272623501055685, 0.12272623501055685, 0.12272623501055685, 0.12272623501055685, 0.12272623501055685, 0.12272623501055685, 0.12272623501055685, 0.12272623501055685], 'f1': [0.18177314765518943, 0.18177314765518943, 0.18177314765518943, 0.18177314765518943, 0.18177314765518943, 0.18177314765518943, 0.18177314765518943, 0.18177314765518943, 0.18177314765518943, 0.18177314765518943, 0.18177314765518943], 'r2': [-1.0751933343217646, -1.0751933343217646, -1.0751933343217646, -1.0751933343217646, -1.0751933343217646, -1.0751933343217646, -1.0751933343217646, -1.0751933343217646, -1.0751933343217646, -1.0751933343217646, -1.0751933343217646]}
[12,   100] loss: 0.090, time: 1194.92 seconds
[12,   200] loss: 0.180, time: 1200.26 seconds
[12,   300] loss: 0.271, time: 1205.42 seconds
[12,   400] loss: 0.365, time: 1210.60 seconds
[12,   500] loss: 0.453, time: 1215.74 seconds
[12,   600] loss: 0.548, time: 1220.93 seconds
[12,   700] loss: 0.634, time: 1226.09 seconds
[12,   800] loss: 0.729, time: 1231.27 seconds
[12,   900] loss: 0.820, time: 1236.51 seconds
[12,  1000] loss: 0.911, time: 1242.02 seconds
[12,  1100] loss: 1.005, time: 1247.20 seconds
[12,  1200] loss: 1.097, time: 1252.36 seconds
[12,  1300] loss: 1.188, time: 1257.58 seconds
Epoch time 72.97
{'train_loss': [2633.2703793495893, 2574.1185326576233, 2565.1775317192078, 2560.587618112564, 2562.487416446209, 2555.13659709692, 2557.515174329281, 2552.261632859707, 2554.2626433968544, 2548.242163002491, 2553.131716430187, 2548.9592881798744], 'accuracy': [0.3503230437903805, 0.3503230437903805, 0.3503230437903805, 0.3503230437903805, 0.3503230437903805, 0.3503230437903805, 0.3503230437903805, 0.3503230437903805, 0.3503230437903805, 0.3503230437903805, 0.3503230437903805, 0.3503230437903805], 'recall': [0.3503230437903805, 0.3503230437903805, 0.3503230437903805, 0.3503230437903805, 0.3503230437903805, 0.3503230437903805, 0.3503230437903805, 0.3503230437903805, 0.3503230437903805, 0.3503230437903805, 0.3503230437903805, 0.3503230437903805], 'precision': [0.12272623501055685, 0.12272623501055685, 0.12272623501055685, 0.12272623501055685, 0.12272623501055685, 0.12272623501055685, 0.12272623501055685, 0.12272623501055685, 0.12272623501055685, 0.12272623501055685, 0.12272623501055685, 0.12272623501055685], 'f1': [0.18177314765518943, 0.18177314765518943, 0.18177314765518943, 0.18177314765518943, 0.18177314765518943, 0.18177314765518943, 0.18177314765518943, 0.18177314765518943, 0.18177314765518943, 0.18177314765518943, 0.18177314765518943, 0.18177314765518943], 'r2': [-1.0751933343217646, -1.0751933343217646, -1.0751933343217646, -1.0751933343217646, -1.0751933343217646, -1.0751933343217646, -1.0751933343217646, -1.0751933343217646, -1.0751933343217646, -1.0751933343217646, -1.0751933343217646, -1.0751933343217646]}
[13,   100] loss: 0.091, time: 1283.91 seconds
[13,   200] loss: 0.180, time: 1289.06 seconds
[13,   300] loss: 0.269, time: 1294.19 seconds
[13,   400] loss: 0.359, time: 1299.34 seconds
[13,   500] loss: 0.450, time: 1304.58 seconds
[13,   600] loss: 0.542, time: 1309.72 seconds
[13,   700] loss: 0.635, time: 1314.87 seconds
[13,   800] loss: 0.728, time: 1320.06 seconds
[13,   900] loss: 0.819, time: 1325.22 seconds
[13,  1000] loss: 0.913, time: 1330.43 seconds
[13,  1100] loss: 1.005, time: 1335.58 seconds
[13,  1200] loss: 1.097, time: 1340.76 seconds
[13,  1300] loss: 1.186, time: 1345.99 seconds
Epoch time 72.50
{'train_loss': [2633.2703793495893, 2574.1185326576233, 2565.1775317192078, 2560.587618112564, 2562.487416446209, 2555.13659709692, 2557.515174329281, 2552.261632859707, 2554.2626433968544, 2548.242163002491, 2553.131716430187, 2548.9592881798744, 2545.713938474655], 'accuracy': [0.3503230437903805, 0.3503230437903805, 0.3503230437903805, 0.3503230437903805, 0.3503230437903805, 0.3503230437903805, 0.3503230437903805, 0.3503230437903805, 0.3503230437903805, 0.3503230437903805, 0.3503230437903805, 0.3503230437903805, 0.3503230437903805], 'recall': [0.3503230437903805, 0.3503230437903805, 0.3503230437903805, 0.3503230437903805, 0.3503230437903805, 0.3503230437903805, 0.3503230437903805, 0.3503230437903805, 0.3503230437903805, 0.3503230437903805, 0.3503230437903805, 0.3503230437903805, 0.3503230437903805], 'precision': [0.12272623501055685, 0.12272623501055685, 0.12272623501055685, 0.12272623501055685, 0.12272623501055685, 0.12272623501055685, 0.12272623501055685, 0.12272623501055685, 0.12272623501055685, 0.12272623501055685, 0.12272623501055685, 0.12272623501055685, 0.12272623501055685], 'f1': [0.18177314765518943, 0.18177314765518943, 0.18177314765518943, 0.18177314765518943, 0.18177314765518943, 0.18177314765518943, 0.18177314765518943, 0.18177314765518943, 0.18177314765518943, 0.18177314765518943, 0.18177314765518943, 0.18177314765518943, 0.18177314765518943], 'r2': [-1.0751933343217646, -1.0751933343217646, -1.0751933343217646, -1.0751933343217646, -1.0751933343217646, -1.0751933343217646, -1.0751933343217646, -1.0751933343217646, -1.0751933343217646, -1.0751933343217646, -1.0751933343217646, -1.0751933343217646, -1.0751933343217646]}
[14,   100] loss: 0.096, time: 1371.49 seconds
[14,   200] loss: 0.188, time: 1376.62 seconds
[14,   300] loss: 0.278, time: 1381.83 seconds
[14,   400] loss: 0.374, time: 1387.04 seconds
[14,   500] loss: 0.466, time: 1392.26 seconds
[14,   600] loss: 0.558, time: 1397.46 seconds
[14,   700] loss: 0.652, time: 1402.62 seconds
[14,   800] loss: 0.743, time: 1407.88 seconds
[14,   900] loss: 0.834, time: 1413.04 seconds
[14,  1000] loss: 0.923, time: 1418.21 seconds
[14,  1100] loss: 1.016, time: 1423.36 seconds
[14,  1200] loss: 1.109, time: 1428.51 seconds
[14,  1300] loss: 1.195, time: 1433.65 seconds
Epoch time 72.12
{'train_loss': [2633.2703793495893, 2574.1185326576233, 2565.1775317192078, 2560.587618112564, 2562.487416446209, 2555.13659709692, 2557.515174329281, 2552.261632859707, 2554.2626433968544, 2548.242163002491, 2553.131716430187, 2548.9592881798744, 2545.713938474655, 2548.992065668106], 'accuracy': [0.3503230437903805, 0.3503230437903805, 0.3503230437903805, 0.3503230437903805, 0.3503230437903805, 0.3503230437903805, 0.3503230437903805, 0.3503230437903805, 0.3503230437903805, 0.3503230437903805, 0.3503230437903805, 0.3503230437903805, 0.3503230437903805, 0.3503230437903805], 'recall': [0.3503230437903805, 0.3503230437903805, 0.3503230437903805, 0.3503230437903805, 0.3503230437903805, 0.3503230437903805, 0.3503230437903805, 0.3503230437903805, 0.3503230437903805, 0.3503230437903805, 0.3503230437903805, 0.3503230437903805, 0.3503230437903805, 0.3503230437903805], 'precision': [0.12272623501055685, 0.12272623501055685, 0.12272623501055685, 0.12272623501055685, 0.12272623501055685, 0.12272623501055685, 0.12272623501055685, 0.12272623501055685, 0.12272623501055685, 0.12272623501055685, 0.12272623501055685, 0.12272623501055685, 0.12272623501055685, 0.12272623501055685], 'f1': [0.18177314765518943, 0.18177314765518943, 0.18177314765518943, 0.18177314765518943, 0.18177314765518943, 0.18177314765518943, 0.18177314765518943, 0.18177314765518943, 0.18177314765518943, 0.18177314765518943, 0.18177314765518943, 0.18177314765518943, 0.18177314765518943, 0.18177314765518943], 'r2': [-1.0751933343217646, -1.0751933343217646, -1.0751933343217646, -1.0751933343217646, -1.0751933343217646, -1.0751933343217646, -1.0751933343217646, -1.0751933343217646, -1.0751933343217646, -1.0751933343217646, -1.0751933343217646, -1.0751933343217646, -1.0751933343217646, -1.0751933343217646]}
[15,   100] loss: 0.089, time: 1459.21 seconds
[15,   200] loss: 0.184, time: 1464.41 seconds
[15,   300] loss: 0.272, time: 1469.55 seconds
[15,   400] loss: 0.364, time: 1474.69 seconds
[15,   500] loss: 0.454, time: 1479.84 seconds
[15,   600] loss: 0.547, time: 1484.99 seconds
[15,   700] loss: 0.633, time: 1490.14 seconds
[15,   800] loss: 0.727, time: 1495.27 seconds
[15,   900] loss: 0.821, time: 1500.44 seconds
[15,  1000] loss: 0.918, time: 1505.62 seconds
[15,  1100] loss: 1.010, time: 1510.81 seconds
[15,  1200] loss: 1.098, time: 1515.97 seconds
[15,  1300] loss: 1.193, time: 1521.19 seconds
Epoch time 72.06
{'train_loss': [2633.2703793495893, 2574.1185326576233, 2565.1775317192078, 2560.587618112564, 2562.487416446209, 2555.13659709692, 2557.515174329281, 2552.261632859707, 2554.2626433968544, 2548.242163002491, 2553.131716430187, 2548.9592881798744, 2545.713938474655, 2548.992065668106, 2550.8979765176773], 'accuracy': [0.3503230437903805, 0.3503230437903805, 0.3503230437903805, 0.3503230437903805, 0.3503230437903805, 0.3503230437903805, 0.3503230437903805, 0.3503230437903805, 0.3503230437903805, 0.3503230437903805, 0.3503230437903805, 0.3503230437903805, 0.3503230437903805, 0.3503230437903805, 0.3503230437903805], 'recall': [0.3503230437903805, 0.3503230437903805, 0.3503230437903805, 0.3503230437903805, 0.3503230437903805, 0.3503230437903805, 0.3503230437903805, 0.3503230437903805, 0.3503230437903805, 0.3503230437903805, 0.3503230437903805, 0.3503230437903805, 0.3503230437903805, 0.3503230437903805, 0.3503230437903805], 'precision': [0.12272623501055685, 0.12272623501055685, 0.12272623501055685, 0.12272623501055685, 0.12272623501055685, 0.12272623501055685, 0.12272623501055685, 0.12272623501055685, 0.12272623501055685, 0.12272623501055685, 0.12272623501055685, 0.12272623501055685, 0.12272623501055685, 0.12272623501055685, 0.12272623501055685], 'f1': [0.18177314765518943, 0.18177314765518943, 0.18177314765518943, 0.18177314765518943, 0.18177314765518943, 0.18177314765518943, 0.18177314765518943, 0.18177314765518943, 0.18177314765518943, 0.18177314765518943, 0.18177314765518943, 0.18177314765518943, 0.18177314765518943, 0.18177314765518943, 0.18177314765518943], 'r2': [-1.0751933343217646, -1.0751933343217646, -1.0751933343217646, -1.0751933343217646, -1.0751933343217646, -1.0751933343217646, -1.0751933343217646, -1.0751933343217646, -1.0751933343217646, -1.0751933343217646, -1.0751933343217646, -1.0751933343217646, -1.0751933343217646, -1.0751933343217646, -1.0751933343217646]}
[16,   100] loss: 0.089, time: 1552.38 seconds
[16,   200] loss: 0.183, time: 1558.25 seconds
[16,   300] loss: 0.275, time: 1564.13 seconds
[16,   400] loss: 0.367, time: 1570.02 seconds
[16,   500] loss: 0.458, time: 1575.93 seconds
[16,   600] loss: 0.550, time: 1581.91 seconds
[16,   700] loss: 0.642, time: 1587.91 seconds
[16,   800] loss: 0.735, time: 1593.92 seconds
[16,   900] loss: 0.823, time: 1599.96 seconds
[16,  1000] loss: 0.914, time: 1605.98 seconds
[16,  1100] loss: 1.004, time: 1612.01 seconds
[16,  1200] loss: 1.093, time: 1618.05 seconds
[16,  1300] loss: 1.188, time: 1624.12 seconds
Epoch time 83.30
{'train_loss': [2633.2703793495893, 2574.1185326576233, 2565.1775317192078, 2560.587618112564, 2562.487416446209, 2555.13659709692, 2557.515174329281, 2552.261632859707, 2554.2626433968544, 2548.242163002491, 2553.131716430187, 2548.9592881798744, 2545.713938474655, 2548.992065668106, 2550.8979765176773, 2550.3403237462044], 'accuracy': [0.3503230437903805, 0.3503230437903805, 0.3503230437903805, 0.3503230437903805, 0.3503230437903805, 0.3503230437903805, 0.3503230437903805, 0.3503230437903805, 0.3503230437903805, 0.3503230437903805, 0.3503230437903805, 0.3503230437903805, 0.3503230437903805, 0.3503230437903805, 0.3503230437903805, 0.3503230437903805], 'recall': [0.3503230437903805, 0.3503230437903805, 0.3503230437903805, 0.3503230437903805, 0.3503230437903805, 0.3503230437903805, 0.3503230437903805, 0.3503230437903805, 0.3503230437903805, 0.3503230437903805, 0.3503230437903805, 0.3503230437903805, 0.3503230437903805, 0.3503230437903805, 0.3503230437903805, 0.3503230437903805], 'precision': [0.12272623501055685, 0.12272623501055685, 0.12272623501055685, 0.12272623501055685, 0.12272623501055685, 0.12272623501055685, 0.12272623501055685, 0.12272623501055685, 0.12272623501055685, 0.12272623501055685, 0.12272623501055685, 0.12272623501055685, 0.12272623501055685, 0.12272623501055685, 0.12272623501055685, 0.12272623501055685], 'f1': [0.18177314765518943, 0.18177314765518943, 0.18177314765518943, 0.18177314765518943, 0.18177314765518943, 0.18177314765518943, 0.18177314765518943, 0.18177314765518943, 0.18177314765518943, 0.18177314765518943, 0.18177314765518943, 0.18177314765518943, 0.18177314765518943, 0.18177314765518943, 0.18177314765518943, 0.18177314765518943], 'r2': [-1.0751933343217646, -1.0751933343217646, -1.0751933343217646, -1.0751933343217646, -1.0751933343217646, -1.0751933343217646, -1.0751933343217646, -1.0751933343217646, -1.0751933343217646, -1.0751933343217646, -1.0751933343217646, -1.0751933343217646, -1.0751933343217646, -1.0751933343217646, -1.0751933343217646, -1.0751933343217646]}
[17,   100] loss: 0.092, time: 1656.46 seconds
[17,   200] loss: 0.184, time: 1663.66 seconds
[17,   300] loss: 0.270, time: 1671.74 seconds
[17,   400] loss: 0.363, time: 1679.84 seconds
[17,   500] loss: 0.454, time: 1687.70 seconds
[17,   600] loss: 0.546, time: 1693.36 seconds
[17,   700] loss: 0.640, time: 1698.61 seconds
[17,   800] loss: 0.727, time: 1704.08 seconds
[17,   900] loss: 0.820, time: 1709.51 seconds
[17,  1000] loss: 0.912, time: 1715.03 seconds
[17,  1100] loss: 1.008, time: 1721.35 seconds
[17,  1200] loss: 1.099, time: 1727.69 seconds
[17,  1300] loss: 1.191, time: 1734.15 seconds
Epoch time 90.25
{'train_loss': [2633.2703793495893, 2574.1185326576233, 2565.1775317192078, 2560.587618112564, 2562.487416446209, 2555.13659709692, 2557.515174329281, 2552.261632859707, 2554.2626433968544, 2548.242163002491, 2553.131716430187, 2548.9592881798744, 2545.713938474655, 2548.992065668106, 2550.8979765176773, 2550.3403237462044, 2555.507571041584], 'accuracy': [0.3503230437903805, 0.3503230437903805, 0.3503230437903805, 0.3503230437903805, 0.3503230437903805, 0.3503230437903805, 0.3503230437903805, 0.3503230437903805, 0.3503230437903805, 0.3503230437903805, 0.3503230437903805, 0.3503230437903805, 0.3503230437903805, 0.3503230437903805, 0.3503230437903805, 0.3503230437903805, 0.3503230437903805], 'recall': [0.3503230437903805, 0.3503230437903805, 0.3503230437903805, 0.3503230437903805, 0.3503230437903805, 0.3503230437903805, 0.3503230437903805, 0.3503230437903805, 0.3503230437903805, 0.3503230437903805, 0.3503230437903805, 0.3503230437903805, 0.3503230437903805, 0.3503230437903805, 0.3503230437903805, 0.3503230437903805, 0.3503230437903805], 'precision': [0.12272623501055685, 0.12272623501055685, 0.12272623501055685, 0.12272623501055685, 0.12272623501055685, 0.12272623501055685, 0.12272623501055685, 0.12272623501055685, 0.12272623501055685, 0.12272623501055685, 0.12272623501055685, 0.12272623501055685, 0.12272623501055685, 0.12272623501055685, 0.12272623501055685, 0.12272623501055685, 0.12272623501055685], 'f1': [0.18177314765518943, 0.18177314765518943, 0.18177314765518943, 0.18177314765518943, 0.18177314765518943, 0.18177314765518943, 0.18177314765518943, 0.18177314765518943, 0.18177314765518943, 0.18177314765518943, 0.18177314765518943, 0.18177314765518943, 0.18177314765518943, 0.18177314765518943, 0.18177314765518943, 0.18177314765518943, 0.18177314765518943], 'r2': [-1.0751933343217646, -1.0751933343217646, -1.0751933343217646, -1.0751933343217646, -1.0751933343217646, -1.0751933343217646, -1.0751933343217646, -1.0751933343217646, -1.0751933343217646, -1.0751933343217646, -1.0751933343217646, -1.0751933343217646, -1.0751933343217646, -1.0751933343217646, -1.0751933343217646, -1.0751933343217646, -1.0751933343217646]}
[18,   100] loss: 0.095, time: 1765.31 seconds
[18,   200] loss: 0.189, time: 1772.19 seconds
[18,   300] loss: 0.279, time: 1778.02 seconds
[18,   400] loss: 0.370, time: 1782.93 seconds
[18,   500] loss: 0.460, time: 1788.41 seconds
[18,   600] loss: 0.553, time: 1794.69 seconds
[18,   700] loss: 0.647, time: 1801.71 seconds
[18,   800] loss: 0.730, time: 1808.18 seconds
[18,   900] loss: 0.827, time: 1815.09 seconds
[18,  1000] loss: 0.917, time: 1821.33 seconds
[18,  1100] loss: 1.004, time: 1827.81 seconds
[18,  1200] loss: 1.101, time: 1834.60 seconds
[18,  1300] loss: 1.190, time: 1840.20 seconds
Epoch time 87.57
{'train_loss': [2633.2703793495893, 2574.1185326576233, 2565.1775317192078, 2560.587618112564, 2562.487416446209, 2555.13659709692, 2557.515174329281, 2552.261632859707, 2554.2626433968544, 2548.242163002491, 2553.131716430187, 2548.9592881798744, 2545.713938474655, 2548.992065668106, 2550.8979765176773, 2550.3403237462044, 2555.507571041584, 2548.131487727165], 'accuracy': [0.3503230437903805, 0.3503230437903805, 0.3503230437903805, 0.3503230437903805, 0.3503230437903805, 0.3503230437903805, 0.3503230437903805, 0.3503230437903805, 0.3503230437903805, 0.3503230437903805, 0.3503230437903805, 0.3503230437903805, 0.3503230437903805, 0.3503230437903805, 0.3503230437903805, 0.3503230437903805, 0.3503230437903805, 0.3503230437903805], 'recall': [0.3503230437903805, 0.3503230437903805, 0.3503230437903805, 0.3503230437903805, 0.3503230437903805, 0.3503230437903805, 0.3503230437903805, 0.3503230437903805, 0.3503230437903805, 0.3503230437903805, 0.3503230437903805, 0.3503230437903805, 0.3503230437903805, 0.3503230437903805, 0.3503230437903805, 0.3503230437903805, 0.3503230437903805, 0.3503230437903805], 'precision': [0.12272623501055685, 0.12272623501055685, 0.12272623501055685, 0.12272623501055685, 0.12272623501055685, 0.12272623501055685, 0.12272623501055685, 0.12272623501055685, 0.12272623501055685, 0.12272623501055685, 0.12272623501055685, 0.12272623501055685, 0.12272623501055685, 0.12272623501055685, 0.12272623501055685, 0.12272623501055685, 0.12272623501055685, 0.12272623501055685], 'f1': [0.18177314765518943, 0.18177314765518943, 0.18177314765518943, 0.18177314765518943, 0.18177314765518943, 0.18177314765518943, 0.18177314765518943, 0.18177314765518943, 0.18177314765518943, 0.18177314765518943, 0.18177314765518943, 0.18177314765518943, 0.18177314765518943, 0.18177314765518943, 0.18177314765518943, 0.18177314765518943, 0.18177314765518943, 0.18177314765518943], 'r2': [-1.0751933343217646, -1.0751933343217646, -1.0751933343217646, -1.0751933343217646, -1.0751933343217646, -1.0751933343217646, -1.0751933343217646, -1.0751933343217646, -1.0751933343217646, -1.0751933343217646, -1.0751933343217646, -1.0751933343217646, -1.0751933343217646, -1.0751933343217646, -1.0751933343217646, -1.0751933343217646, -1.0751933343217646, -1.0751933343217646]}
[19,   100] loss: 0.093, time: 1869.70 seconds
[19,   200] loss: 0.188, time: 1875.76 seconds
[19,   300] loss: 0.281, time: 1881.84 seconds
[19,   400] loss: 0.372, time: 1887.73 seconds
[19,   500] loss: 0.469, time: 1893.94 seconds
[19,   600] loss: 0.557, time: 1902.10 seconds
[19,   700] loss: 0.648, time: 1909.54 seconds
[19,   800] loss: 0.740, time: 1915.47 seconds
[19,   900] loss: 0.835, time: 1921.30 seconds
[19,  1000] loss: 0.924, time: 1927.66 seconds
[19,  1100] loss: 1.014, time: 1933.77 seconds
[19,  1200] loss: 1.106, time: 1939.73 seconds
[19,  1300] loss: 1.194, time: 1945.99 seconds
Epoch time 88.41
{'train_loss': [2633.2703793495893, 2574.1185326576233, 2565.1775317192078, 2560.587618112564, 2562.487416446209, 2555.13659709692, 2557.515174329281, 2552.261632859707, 2554.2626433968544, 2548.242163002491, 2553.131716430187, 2548.9592881798744, 2545.713938474655, 2548.992065668106, 2550.8979765176773, 2550.3403237462044, 2555.507571041584, 2548.131487727165, 2551.659653544426], 'accuracy': [0.3503230437903805, 0.3503230437903805, 0.3503230437903805, 0.3503230437903805, 0.3503230437903805, 0.3503230437903805, 0.3503230437903805, 0.3503230437903805, 0.3503230437903805, 0.3503230437903805, 0.3503230437903805, 0.3503230437903805, 0.3503230437903805, 0.3503230437903805, 0.3503230437903805, 0.3503230437903805, 0.3503230437903805, 0.3503230437903805, 0.3503230437903805], 'recall': [0.3503230437903805, 0.3503230437903805, 0.3503230437903805, 0.3503230437903805, 0.3503230437903805, 0.3503230437903805, 0.3503230437903805, 0.3503230437903805, 0.3503230437903805, 0.3503230437903805, 0.3503230437903805, 0.3503230437903805, 0.3503230437903805, 0.3503230437903805, 0.3503230437903805, 0.3503230437903805, 0.3503230437903805, 0.3503230437903805, 0.3503230437903805], 'precision': [0.12272623501055685, 0.12272623501055685, 0.12272623501055685, 0.12272623501055685, 0.12272623501055685, 0.12272623501055685, 0.12272623501055685, 0.12272623501055685, 0.12272623501055685, 0.12272623501055685, 0.12272623501055685, 0.12272623501055685, 0.12272623501055685, 0.12272623501055685, 0.12272623501055685, 0.12272623501055685, 0.12272623501055685, 0.12272623501055685, 0.12272623501055685], 'f1': [0.18177314765518943, 0.18177314765518943, 0.18177314765518943, 0.18177314765518943, 0.18177314765518943, 0.18177314765518943, 0.18177314765518943, 0.18177314765518943, 0.18177314765518943, 0.18177314765518943, 0.18177314765518943, 0.18177314765518943, 0.18177314765518943, 0.18177314765518943, 0.18177314765518943, 0.18177314765518943, 0.18177314765518943, 0.18177314765518943, 0.18177314765518943], 'r2': [-1.0751933343217646, -1.0751933343217646, -1.0751933343217646, -1.0751933343217646, -1.0751933343217646, -1.0751933343217646, -1.0751933343217646, -1.0751933343217646, -1.0751933343217646, -1.0751933343217646, -1.0751933343217646, -1.0751933343217646, -1.0751933343217646, -1.0751933343217646, -1.0751933343217646, -1.0751933343217646, -1.0751933343217646, -1.0751933343217646, -1.0751933343217646]}
[20,   100] loss: 0.090, time: 1977.63 seconds
[20,   200] loss: 0.185, time: 1984.25 seconds
[20,   300] loss: 0.282, time: 1990.85 seconds
[20,   400] loss: 0.375, time: 1996.71 seconds
[20,   500] loss: 0.464, time: 2002.24 seconds
[20,   600] loss: 0.560, time: 2008.34 seconds
[20,   700] loss: 0.654, time: 2013.91 seconds
[20,   800] loss: 0.745, time: 2020.04 seconds
[20,   900] loss: 0.835, time: 2025.95 seconds
[20,  1000] loss: 0.920, time: 2032.74 seconds
[20,  1100] loss: 1.007, time: 2039.21 seconds
[20,  1200] loss: 1.100, time: 2045.49 seconds
[20,  1300] loss: 1.192, time: 2051.24 seconds
Epoch time 84.82
{'train_loss': [2633.2703793495893, 2574.1185326576233, 2565.1775317192078, 2560.587618112564, 2562.487416446209, 2555.13659709692, 2557.515174329281, 2552.261632859707, 2554.2626433968544, 2548.242163002491, 2553.131716430187, 2548.9592881798744, 2545.713938474655, 2548.992065668106, 2550.8979765176773, 2550.3403237462044, 2555.507571041584, 2548.131487727165, 2551.659653544426, 2554.348657488823], 'accuracy': [0.3503230437903805, 0.3503230437903805, 0.3503230437903805, 0.3503230437903805, 0.3503230437903805, 0.3503230437903805, 0.3503230437903805, 0.3503230437903805, 0.3503230437903805, 0.3503230437903805, 0.3503230437903805, 0.3503230437903805, 0.3503230437903805, 0.3503230437903805, 0.3503230437903805, 0.3503230437903805, 0.3503230437903805, 0.3503230437903805, 0.3503230437903805, 0.3503230437903805], 'recall': [0.3503230437903805, 0.3503230437903805, 0.3503230437903805, 0.3503230437903805, 0.3503230437903805, 0.3503230437903805, 0.3503230437903805, 0.3503230437903805, 0.3503230437903805, 0.3503230437903805, 0.3503230437903805, 0.3503230437903805, 0.3503230437903805, 0.3503230437903805, 0.3503230437903805, 0.3503230437903805, 0.3503230437903805, 0.3503230437903805, 0.3503230437903805, 0.3503230437903805], 'precision': [0.12272623501055685, 0.12272623501055685, 0.12272623501055685, 0.12272623501055685, 0.12272623501055685, 0.12272623501055685, 0.12272623501055685, 0.12272623501055685, 0.12272623501055685, 0.12272623501055685, 0.12272623501055685, 0.12272623501055685, 0.12272623501055685, 0.12272623501055685, 0.12272623501055685, 0.12272623501055685, 0.12272623501055685, 0.12272623501055685, 0.12272623501055685, 0.12272623501055685], 'f1': [0.18177314765518943, 0.18177314765518943, 0.18177314765518943, 0.18177314765518943, 0.18177314765518943, 0.18177314765518943, 0.18177314765518943, 0.18177314765518943, 0.18177314765518943, 0.18177314765518943, 0.18177314765518943, 0.18177314765518943, 0.18177314765518943, 0.18177314765518943, 0.18177314765518943, 0.18177314765518943, 0.18177314765518943, 0.18177314765518943, 0.18177314765518943, 0.18177314765518943], 'r2': [-1.0751933343217646, -1.0751933343217646, -1.0751933343217646, -1.0751933343217646, -1.0751933343217646, -1.0751933343217646, -1.0751933343217646, -1.0751933343217646, -1.0751933343217646, -1.0751933343217646, -1.0751933343217646, -1.0751933343217646, -1.0751933343217646, -1.0751933343217646, -1.0751933343217646, -1.0751933343217646, -1.0751933343217646, -1.0751933343217646, -1.0751933343217646, -1.0751933343217646]}
Total training time: 2073.45 s
Finished Training
