MichCnn1_base_lr=0.001_momentum=0.9
[1,   100] loss: 0.105, time: 4.92 seconds
[1,   200] loss: 0.200, time: 9.35 seconds
[1,   300] loss: 0.296, time: 13.71 seconds
[1,   400] loss: 0.390, time: 18.22 seconds
[1,   500] loss: 0.487, time: 22.25 seconds
[1,   600] loss: 0.583, time: 26.26 seconds
[1,   700] loss: 0.678, time: 30.36 seconds
[1,   800] loss: 0.769, time: 35.12 seconds
[1,   900] loss: 0.862, time: 39.99 seconds
[1,  1000] loss: 0.959, time: 44.76 seconds
[1,  1100] loss: 1.051, time: 49.67 seconds
[1,  1200] loss: 1.147, time: 54.58 seconds
[1,  1300] loss: 1.237, time: 59.69 seconds
Epoch time 64.40
{'train_loss': [2645.2594751417637], 'accuracy': [0.3503230437903805], 'recall': [0.3503230437903805], 'precision': [0.12272623501055685], 'f1': [0.18177314765518943], 'r2': [-1.0751933343217646]}
[2,   100] loss: 0.091, time: 87.62 seconds
[2,   200] loss: 0.182, time: 92.28 seconds
[2,   300] loss: 0.275, time: 96.98 seconds
[2,   400] loss: 0.369, time: 101.69 seconds
[2,   500] loss: 0.465, time: 106.40 seconds
[2,   600] loss: 0.560, time: 111.04 seconds
[2,   700] loss: 0.649, time: 115.65 seconds
[2,   800] loss: 0.741, time: 120.41 seconds
[2,   900] loss: 0.835, time: 125.02 seconds
[2,  1000] loss: 0.927, time: 129.74 seconds
[2,  1100] loss: 1.020, time: 135.16 seconds
[2,  1200] loss: 1.114, time: 141.22 seconds
[2,  1300] loss: 1.208, time: 146.83 seconds
Epoch time 69.05
{'train_loss': [2645.2594751417637, 2578.883042573929], 'accuracy': [0.3503230437903805, 0.3503230437903805], 'recall': [0.3503230437903805, 0.3503230437903805], 'precision': [0.12272623501055685, 0.12272623501055685], 'f1': [0.18177314765518943, 0.18177314765518943], 'r2': [-1.0751933343217646, -1.0751933343217646]}
[3,   100] loss: 0.093, time: 177.52 seconds
[3,   200] loss: 0.185, time: 183.18 seconds
[3,   300] loss: 0.278, time: 188.89 seconds
[3,   400] loss: 0.365, time: 193.75 seconds
[3,   500] loss: 0.463, time: 198.62 seconds
[3,   600] loss: 0.558, time: 203.40 seconds
[3,   700] loss: 0.648, time: 209.39 seconds
[3,   800] loss: 0.743, time: 215.34 seconds
[3,   900] loss: 0.835, time: 221.36 seconds
[3,  1000] loss: 0.926, time: 227.41 seconds
[3,  1100] loss: 1.017, time: 233.40 seconds
[3,  1200] loss: 1.106, time: 238.86 seconds
[3,  1300] loss: 1.197, time: 245.03 seconds
Epoch time 78.35
{'train_loss': [2645.2594751417637, 2578.883042573929, 2566.0430678725243], 'accuracy': [0.3503230437903805, 0.3503230437903805, 0.3503230437903805], 'recall': [0.3503230437903805, 0.3503230437903805, 0.3503230437903805], 'precision': [0.12272623501055685, 0.12272623501055685, 0.12272623501055685], 'f1': [0.18177314765518943, 0.18177314765518943, 0.18177314765518943], 'r2': [-1.0751933343217646, -1.0751933343217646, -1.0751933343217646]}
[4,   100] loss: 0.091, time: 277.06 seconds
[4,   200] loss: 0.183, time: 283.39 seconds
[4,   300] loss: 0.277, time: 289.44 seconds
[4,   400] loss: 0.368, time: 296.00 seconds
[4,   500] loss: 0.459, time: 302.02 seconds
[4,   600] loss: 0.550, time: 308.31 seconds
[4,   700] loss: 0.638, time: 314.73 seconds
[4,   800] loss: 0.734, time: 320.82 seconds
[4,   900] loss: 0.826, time: 326.93 seconds
[4,  1000] loss: 0.920, time: 333.08 seconds
[4,  1100] loss: 1.009, time: 339.08 seconds
[4,  1200] loss: 1.101, time: 345.17 seconds
[4,  1300] loss: 1.193, time: 351.52 seconds
Epoch time 86.45
{'train_loss': [2645.2594751417637, 2578.883042573929, 2566.0430678725243, 2556.7473080158234], 'accuracy': [0.3503230437903805, 0.3503230437903805, 0.3503230437903805, 0.3503230437903805], 'recall': [0.3503230437903805, 0.3503230437903805, 0.3503230437903805, 0.3503230437903805], 'precision': [0.12272623501055685, 0.12272623501055685, 0.12272623501055685, 0.12272623501055685], 'f1': [0.18177314765518943, 0.18177314765518943, 0.18177314765518943, 0.18177314765518943], 'r2': [-1.0751933343217646, -1.0751933343217646, -1.0751933343217646, -1.0751933343217646]}
[5,   100] loss: 0.091, time: 387.46 seconds
[5,   200] loss: 0.184, time: 394.01 seconds
[5,   300] loss: 0.279, time: 400.65 seconds
[5,   400] loss: 0.366, time: 407.23 seconds
[5,   500] loss: 0.458, time: 413.76 seconds
[5,   600] loss: 0.545, time: 420.09 seconds
[5,   700] loss: 0.632, time: 426.38 seconds
[5,   800] loss: 0.723, time: 432.67 seconds
[5,   900] loss: 0.814, time: 438.92 seconds
[5,  1000] loss: 0.907, time: 445.67 seconds
[5,  1100] loss: 1.005, time: 452.63 seconds
[5,  1200] loss: 1.094, time: 459.52 seconds
[5,  1300] loss: 1.190, time: 466.67 seconds
Epoch time 93.63
{'train_loss': [2645.2594751417637, 2578.883042573929, 2566.0430678725243, 2556.7473080158234, 2549.5990999937057], 'accuracy': [0.3503230437903805, 0.3503230437903805, 0.3503230437903805, 0.3503230437903805, 0.3503230437903805], 'recall': [0.3503230437903805, 0.3503230437903805, 0.3503230437903805, 0.3503230437903805, 0.3503230437903805], 'precision': [0.12272623501055685, 0.12272623501055685, 0.12272623501055685, 0.12272623501055685, 0.12272623501055685], 'f1': [0.18177314765518943, 0.18177314765518943, 0.18177314765518943, 0.18177314765518943, 0.18177314765518943], 'r2': [-1.0751933343217646, -1.0751933343217646, -1.0751933343217646, -1.0751933343217646, -1.0751933343217646]}
[6,   100] loss: 0.094, time: 506.23 seconds
[6,   200] loss: 0.183, time: 512.95 seconds
[6,   300] loss: 0.270, time: 519.70 seconds
[6,   400] loss: 0.356, time: 526.52 seconds
[6,   500] loss: 0.451, time: 533.29 seconds
[6,   600] loss: 0.538, time: 540.03 seconds
[6,   700] loss: 0.631, time: 546.49 seconds
[6,   800] loss: 0.720, time: 553.13 seconds
[6,   900] loss: 0.815, time: 560.20 seconds
[6,  1000] loss: 0.909, time: 567.22 seconds
[6,  1100] loss: 1.003, time: 573.97 seconds
[6,  1200] loss: 1.096, time: 580.73 seconds
[6,  1300] loss: 1.190, time: 587.62 seconds
Epoch time 94.77
{'train_loss': [2645.2594751417637, 2578.883042573929, 2566.0430678725243, 2556.7473080158234, 2549.5990999937057, 2541.518396139145], 'accuracy': [0.3503230437903805, 0.3503230437903805, 0.3503230437903805, 0.3503230437903805, 0.3503230437903805, 0.3503230437903805], 'recall': [0.3503230437903805, 0.3503230437903805, 0.3503230437903805, 0.3503230437903805, 0.3503230437903805, 0.3503230437903805], 'precision': [0.12272623501055685, 0.12272623501055685, 0.12272623501055685, 0.12272623501055685, 0.12272623501055685, 0.12272623501055685], 'f1': [0.18177314765518943, 0.18177314765518943, 0.18177314765518943, 0.18177314765518943, 0.18177314765518943, 0.18177314765518943], 'r2': [-1.0751933343217646, -1.0751933343217646, -1.0751933343217646, -1.0751933343217646, -1.0751933343217646, -1.0751933343217646]}
[7,   100] loss: 0.092, time: 626.31 seconds
[7,   200] loss: 0.182, time: 633.31 seconds
[7,   300] loss: 0.273, time: 639.91 seconds
[7,   400] loss: 0.365, time: 646.65 seconds
[7,   500] loss: 0.455, time: 653.39 seconds
[7,   600] loss: 0.549, time: 660.09 seconds
[7,   700] loss: 0.636, time: 666.61 seconds
[7,   800] loss: 0.721, time: 673.02 seconds
[7,   900] loss: 0.815, time: 679.64 seconds
[7,  1000] loss: 0.906, time: 686.33 seconds
[7,  1100] loss: 0.996, time: 692.74 seconds
[7,  1200] loss: 1.087, time: 699.07 seconds
[7,  1300] loss: 1.182, time: 705.47 seconds
Epoch time 91.82
{'train_loss': [2645.2594751417637, 2578.883042573929, 2566.0430678725243, 2556.7473080158234, 2549.5990999937057, 2541.518396139145, 2541.811149209738], 'accuracy': [0.3503230437903805, 0.3503230437903805, 0.3503230437903805, 0.3503230437903805, 0.3503230437903805, 0.3503230437903805, 0.3503230437903805], 'recall': [0.3503230437903805, 0.3503230437903805, 0.3503230437903805, 0.3503230437903805, 0.3503230437903805, 0.3503230437903805, 0.3503230437903805], 'precision': [0.12272623501055685, 0.12272623501055685, 0.12272623501055685, 0.12272623501055685, 0.12272623501055685, 0.12272623501055685, 0.12272623501055685], 'f1': [0.18177314765518943, 0.18177314765518943, 0.18177314765518943, 0.18177314765518943, 0.18177314765518943, 0.18177314765518943, 0.18177314765518943], 'r2': [-1.0751933343217646, -1.0751933343217646, -1.0751933343217646, -1.0751933343217646, -1.0751933343217646, -1.0751933343217646, -1.0751933343217646]}
[8,   100] loss: 0.089, time: 742.27 seconds
[8,   200] loss: 0.178, time: 748.88 seconds
[8,   300] loss: 0.267, time: 755.63 seconds
[8,   400] loss: 0.356, time: 762.44 seconds
[8,   500] loss: 0.448, time: 769.54 seconds
[8,   600] loss: 0.542, time: 776.61 seconds
[8,   700] loss: 0.632, time: 784.09 seconds
[8,   800] loss: 0.727, time: 792.36 seconds
[8,   900] loss: 0.817, time: 800.03 seconds
[8,  1000] loss: 0.908, time: 807.07 seconds
[8,  1100] loss: 1.004, time: 814.38 seconds
[8,  1200] loss: 1.093, time: 821.32 seconds
[8,  1300] loss: 1.184, time: 828.10 seconds
Epoch time 98.85
{'train_loss': [2645.2594751417637, 2578.883042573929, 2566.0430678725243, 2556.7473080158234, 2549.5990999937057, 2541.518396139145, 2541.811149209738, 2539.064152300358], 'accuracy': [0.3503230437903805, 0.3503230437903805, 0.3503230437903805, 0.3503230437903805, 0.3503230437903805, 0.3503230437903805, 0.3503230437903805, 0.3503230437903805], 'recall': [0.3503230437903805, 0.3503230437903805, 0.3503230437903805, 0.3503230437903805, 0.3503230437903805, 0.3503230437903805, 0.3503230437903805, 0.3503230437903805], 'precision': [0.12272623501055685, 0.12272623501055685, 0.12272623501055685, 0.12272623501055685, 0.12272623501055685, 0.12272623501055685, 0.12272623501055685, 0.12272623501055685], 'f1': [0.18177314765518943, 0.18177314765518943, 0.18177314765518943, 0.18177314765518943, 0.18177314765518943, 0.18177314765518943, 0.18177314765518943, 0.18177314765518943], 'r2': [-1.0751933343217646, -1.0751933343217646, -1.0751933343217646, -1.0751933343217646, -1.0751933343217646, -1.0751933343217646, -1.0751933343217646, -1.0751933343217646]}
[9,   100] loss: 0.094, time: 865.04 seconds
[9,   200] loss: 0.182, time: 871.93 seconds
[9,   300] loss: 0.273, time: 878.87 seconds
[9,   400] loss: 0.360, time: 885.77 seconds
[9,   500] loss: 0.455, time: 892.55 seconds
[9,   600] loss: 0.546, time: 899.44 seconds
[9,   700] loss: 0.636, time: 906.54 seconds
[9,   800] loss: 0.728, time: 913.44 seconds
[9,   900] loss: 0.823, time: 920.35 seconds
[9,  1000] loss: 0.912, time: 927.11 seconds
[9,  1100] loss: 1.004, time: 934.03 seconds
[9,  1200] loss: 1.094, time: 940.69 seconds
[9,  1300] loss: 1.182, time: 947.60 seconds
Epoch time 96.26
{'train_loss': [2645.2594751417637, 2578.883042573929, 2566.0430678725243, 2556.7473080158234, 2549.5990999937057, 2541.518396139145, 2541.811149209738, 2539.064152300358, 2533.9507492780685], 'accuracy': [0.3503230437903805, 0.3503230437903805, 0.3503230437903805, 0.3503230437903805, 0.3503230437903805, 0.3503230437903805, 0.3503230437903805, 0.3503230437903805, 0.3503230437903805], 'recall': [0.3503230437903805, 0.3503230437903805, 0.3503230437903805, 0.3503230437903805, 0.3503230437903805, 0.3503230437903805, 0.3503230437903805, 0.3503230437903805, 0.3503230437903805], 'precision': [0.12272623501055685, 0.12272623501055685, 0.12272623501055685, 0.12272623501055685, 0.12272623501055685, 0.12272623501055685, 0.12272623501055685, 0.12272623501055685, 0.12272623501055685], 'f1': [0.18177314765518943, 0.18177314765518943, 0.18177314765518943, 0.18177314765518943, 0.18177314765518943, 0.18177314765518943, 0.18177314765518943, 0.18177314765518943, 0.18177314765518943], 'r2': [-1.0751933343217646, -1.0751933343217646, -1.0751933343217646, -1.0751933343217646, -1.0751933343217646, -1.0751933343217646, -1.0751933343217646, -1.0751933343217646, -1.0751933343217646]}
[10,   100] loss: 0.089, time: 986.52 seconds
[10,   200] loss: 0.180, time: 994.01 seconds
[10,   300] loss: 0.267, time: 1002.43 seconds
[10,   400] loss: 0.358, time: 1009.53 seconds
[10,   500] loss: 0.455, time: 1016.26 seconds
[10,   600] loss: 0.546, time: 1022.96 seconds
[10,   700] loss: 0.633, time: 1029.49 seconds
[10,   800] loss: 0.719, time: 1036.18 seconds
[10,   900] loss: 0.811, time: 1042.92 seconds
[10,  1000] loss: 0.901, time: 1049.72 seconds
[10,  1100] loss: 0.993, time: 1056.43 seconds
[10,  1200] loss: 1.082, time: 1063.50 seconds
[10,  1300] loss: 1.176, time: 1071.00 seconds
Epoch time 99.21
{'train_loss': [2645.2594751417637, 2578.883042573929, 2566.0430678725243, 2556.7473080158234, 2549.5990999937057, 2541.518396139145, 2541.811149209738, 2539.064152300358, 2533.9507492780685, 2523.1670870929956], 'accuracy': [0.3503230437903805, 0.3503230437903805, 0.3503230437903805, 0.3503230437903805, 0.3503230437903805, 0.3503230437903805, 0.3503230437903805, 0.3503230437903805, 0.3503230437903805, 0.3503230437903805], 'recall': [0.3503230437903805, 0.3503230437903805, 0.3503230437903805, 0.3503230437903805, 0.3503230437903805, 0.3503230437903805, 0.3503230437903805, 0.3503230437903805, 0.3503230437903805, 0.3503230437903805], 'precision': [0.12272623501055685, 0.12272623501055685, 0.12272623501055685, 0.12272623501055685, 0.12272623501055685, 0.12272623501055685, 0.12272623501055685, 0.12272623501055685, 0.12272623501055685, 0.12272623501055685], 'f1': [0.18177314765518943, 0.18177314765518943, 0.18177314765518943, 0.18177314765518943, 0.18177314765518943, 0.18177314765518943, 0.18177314765518943, 0.18177314765518943, 0.18177314765518943, 0.18177314765518943], 'r2': [-1.0751933343217646, -1.0751933343217646, -1.0751933343217646, -1.0751933343217646, -1.0751933343217646, -1.0751933343217646, -1.0751933343217646, -1.0751933343217646, -1.0751933343217646, -1.0751933343217646]}
[11,   100] loss: 0.090, time: 1109.84 seconds
[11,   200] loss: 0.179, time: 1116.55 seconds
[11,   300] loss: 0.265, time: 1123.83 seconds
[11,   400] loss: 0.356, time: 1131.25 seconds
[11,   500] loss: 0.449, time: 1138.08 seconds
[11,   600] loss: 0.544, time: 1144.91 seconds
[11,   700] loss: 0.637, time: 1152.14 seconds
[11,   800] loss: 0.731, time: 1159.28 seconds
[11,   900] loss: 0.819, time: 1166.62 seconds
[11,  1000] loss: 0.909, time: 1173.53 seconds
[11,  1100] loss: 0.993, time: 1179.86 seconds
[11,  1200] loss: 1.076, time: 1185.50 seconds
[11,  1300] loss: 1.170, time: 1192.54 seconds
Epoch time 96.24
{'train_loss': [2645.2594751417637, 2578.883042573929, 2566.0430678725243, 2556.7473080158234, 2549.5990999937057, 2541.518396139145, 2541.811149209738, 2539.064152300358, 2533.9507492780685, 2523.1670870929956, 2502.2972816750407], 'accuracy': [0.3503230437903805, 0.3503230437903805, 0.3503230437903805, 0.3503230437903805, 0.3503230437903805, 0.3503230437903805, 0.3503230437903805, 0.3503230437903805, 0.3503230437903805, 0.3503230437903805, 0.3503230437903805], 'recall': [0.3503230437903805, 0.3503230437903805, 0.3503230437903805, 0.3503230437903805, 0.3503230437903805, 0.3503230437903805, 0.3503230437903805, 0.3503230437903805, 0.3503230437903805, 0.3503230437903805, 0.3503230437903805], 'precision': [0.12272623501055685, 0.12272623501055685, 0.12272623501055685, 0.12272623501055685, 0.12272623501055685, 0.12272623501055685, 0.12272623501055685, 0.12272623501055685, 0.12272623501055685, 0.12272623501055685, 0.12272623501055685], 'f1': [0.18177314765518943, 0.18177314765518943, 0.18177314765518943, 0.18177314765518943, 0.18177314765518943, 0.18177314765518943, 0.18177314765518943, 0.18177314765518943, 0.18177314765518943, 0.18177314765518943, 0.18177314765518943], 'r2': [-1.0751933343217646, -1.0751933343217646, -1.0751933343217646, -1.0751933343217646, -1.0751933343217646, -1.0751933343217646, -1.0751933343217646, -1.0751933343217646, -1.0751933343217646, -1.0751933343217646, -1.0751933343217646]}
[12,   100] loss: 0.088, time: 1221.70 seconds
[12,   200] loss: 0.178, time: 1226.90 seconds
[12,   300] loss: 0.268, time: 1232.17 seconds
[12,   400] loss: 0.356, time: 1237.35 seconds
[12,   500] loss: 0.448, time: 1242.52 seconds
[12,   600] loss: 0.536, time: 1248.33 seconds
[12,   700] loss: 0.625, time: 1253.18 seconds
[12,   800] loss: 0.715, time: 1258.42 seconds
[12,   900] loss: 0.808, time: 1263.44 seconds
[12,  1000] loss: 0.890, time: 1268.74 seconds
[12,  1100] loss: 0.980, time: 1274.02 seconds
[12,  1200] loss: 1.071, time: 1279.29 seconds
[12,  1300] loss: 1.160, time: 1284.76 seconds
Epoch time 73.79
{'train_loss': [2645.2594751417637, 2578.883042573929, 2566.0430678725243, 2556.7473080158234, 2549.5990999937057, 2541.518396139145, 2541.811149209738, 2539.064152300358, 2533.9507492780685, 2523.1670870929956, 2502.2972816750407, 2485.976722098887], 'accuracy': [0.3503230437903805, 0.3503230437903805, 0.3503230437903805, 0.3503230437903805, 0.3503230437903805, 0.3503230437903805, 0.3503230437903805, 0.3503230437903805, 0.3503230437903805, 0.3503230437903805, 0.3503230437903805, 0.3589375448671931], 'recall': [0.3503230437903805, 0.3503230437903805, 0.3503230437903805, 0.3503230437903805, 0.3503230437903805, 0.3503230437903805, 0.3503230437903805, 0.3503230437903805, 0.3503230437903805, 0.3503230437903805, 0.3503230437903805, 0.3589375448671931], 'precision': [0.12272623501055685, 0.12272623501055685, 0.12272623501055685, 0.12272623501055685, 0.12272623501055685, 0.12272623501055685, 0.12272623501055685, 0.12272623501055685, 0.12272623501055685, 0.12272623501055685, 0.12272623501055685, 0.15506850898235916], 'f1': [0.18177314765518943, 0.18177314765518943, 0.18177314765518943, 0.18177314765518943, 0.18177314765518943, 0.18177314765518943, 0.18177314765518943, 0.18177314765518943, 0.18177314765518943, 0.18177314765518943, 0.18177314765518943, 0.21287942623945946], 'r2': [-1.0751933343217646, -1.0751933343217646, -1.0751933343217646, -1.0751933343217646, -1.0751933343217646, -1.0751933343217646, -1.0751933343217646, -1.0751933343217646, -1.0751933343217646, -1.0751933343217646, -1.0751933343217646, -0.9666649982954281]}
[13,   100] loss: 0.088, time: 1315.08 seconds
[13,   200] loss: 0.179, time: 1321.10 seconds
[13,   300] loss: 0.267, time: 1327.09 seconds
[13,   400] loss: 0.356, time: 1333.28 seconds
[13,   500] loss: 0.440, time: 1339.17 seconds
[13,   600] loss: 0.522, time: 1345.63 seconds
[13,   700] loss: 0.608, time: 1351.94 seconds
[13,   800] loss: 0.704, time: 1358.11 seconds
[13,   900] loss: 0.788, time: 1364.28 seconds
[13,  1000] loss: 0.875, time: 1370.25 seconds
[13,  1100] loss: 0.965, time: 1376.23 seconds
[13,  1200] loss: 1.055, time: 1382.66 seconds
[13,  1300] loss: 1.142, time: 1388.61 seconds
Epoch time 85.29
{'train_loss': [2645.2594751417637, 2578.883042573929, 2566.0430678725243, 2556.7473080158234, 2549.5990999937057, 2541.518396139145, 2541.811149209738, 2539.064152300358, 2533.9507492780685, 2523.1670870929956, 2502.2972816750407, 2485.976722098887, 2430.4817274212837], 'accuracy': [0.3503230437903805, 0.3503230437903805, 0.3503230437903805, 0.3503230437903805, 0.3503230437903805, 0.3503230437903805, 0.3503230437903805, 0.3503230437903805, 0.3503230437903805, 0.3503230437903805, 0.3503230437903805, 0.3589375448671931, 0.37616654702081836], 'recall': [0.3503230437903805, 0.3503230437903805, 0.3503230437903805, 0.3503230437903805, 0.3503230437903805, 0.3503230437903805, 0.3503230437903805, 0.3503230437903805, 0.3503230437903805, 0.3503230437903805, 0.3503230437903805, 0.3589375448671931, 0.37616654702081836], 'precision': [0.12272623501055685, 0.12272623501055685, 0.12272623501055685, 0.12272623501055685, 0.12272623501055685, 0.12272623501055685, 0.12272623501055685, 0.12272623501055685, 0.12272623501055685, 0.12272623501055685, 0.12272623501055685, 0.15506850898235916, 0.22765094706055503], 'f1': [0.18177314765518943, 0.18177314765518943, 0.18177314765518943, 0.18177314765518943, 0.18177314765518943, 0.18177314765518943, 0.18177314765518943, 0.18177314765518943, 0.18177314765518943, 0.18177314765518943, 0.18177314765518943, 0.21287942623945946, 0.24303390141975328], 'r2': [-1.0751933343217646, -1.0751933343217646, -1.0751933343217646, -1.0751933343217646, -1.0751933343217646, -1.0751933343217646, -1.0751933343217646, -1.0751933343217646, -1.0751933343217646, -1.0751933343217646, -1.0751933343217646, -0.9666649982954281, -0.9219381689027561]}
[14,   100] loss: 0.084, time: 1421.16 seconds
[14,   200] loss: 0.175, time: 1427.03 seconds
[14,   300] loss: 0.259, time: 1432.94 seconds
[14,   400] loss: 0.340, time: 1438.63 seconds
[14,   500] loss: 0.429, time: 1444.38 seconds
[14,   600] loss: 0.509, time: 1450.22 seconds
[14,   700] loss: 0.587, time: 1456.45 seconds
[14,   800] loss: 0.667, time: 1462.04 seconds
[14,   900] loss: 0.750, time: 1467.60 seconds
[14,  1000] loss: 0.829, time: 1472.99 seconds
[14,  1100] loss: 0.909, time: 1479.63 seconds
[14,  1200] loss: 0.990, time: 1485.18 seconds
[14,  1300] loss: 1.075, time: 1490.40 seconds
Epoch time 80.46
{'train_loss': [2645.2594751417637, 2578.883042573929, 2566.0430678725243, 2556.7473080158234, 2549.5990999937057, 2541.518396139145, 2541.811149209738, 2539.064152300358, 2533.9507492780685, 2523.1670870929956, 2502.2972816750407, 2485.976722098887, 2430.4817274212837, 2303.1779483035207], 'accuracy': [0.3503230437903805, 0.3503230437903805, 0.3503230437903805, 0.3503230437903805, 0.3503230437903805, 0.3503230437903805, 0.3503230437903805, 0.3503230437903805, 0.3503230437903805, 0.3503230437903805, 0.3503230437903805, 0.3589375448671931, 0.37616654702081836, 0.45369705671213206], 'recall': [0.3503230437903805, 0.3503230437903805, 0.3503230437903805, 0.3503230437903805, 0.3503230437903805, 0.3503230437903805, 0.3503230437903805, 0.3503230437903805, 0.3503230437903805, 0.3503230437903805, 0.3503230437903805, 0.3589375448671931, 0.37616654702081836, 0.45369705671213206], 'precision': [0.12272623501055685, 0.12272623501055685, 0.12272623501055685, 0.12272623501055685, 0.12272623501055685, 0.12272623501055685, 0.12272623501055685, 0.12272623501055685, 0.12272623501055685, 0.12272623501055685, 0.12272623501055685, 0.15506850898235916, 0.22765094706055503, 0.3643628514267184], 'f1': [0.18177314765518943, 0.18177314765518943, 0.18177314765518943, 0.18177314765518943, 0.18177314765518943, 0.18177314765518943, 0.18177314765518943, 0.18177314765518943, 0.18177314765518943, 0.18177314765518943, 0.18177314765518943, 0.21287942623945946, 0.24303390141975328, 0.36014031684083253], 'r2': [-1.0751933343217646, -1.0751933343217646, -1.0751933343217646, -1.0751933343217646, -1.0751933343217646, -1.0751933343217646, -1.0751933343217646, -1.0751933343217646, -1.0751933343217646, -1.0751933343217646, -1.0751933343217646, -0.9666649982954281, -0.9219381689027561, -0.6621279099306177]}
[15,   100] loss: 0.076, time: 1521.97 seconds
[15,   200] loss: 0.152, time: 1527.61 seconds
[15,   300] loss: 0.232, time: 1533.23 seconds
[15,   400] loss: 0.311, time: 1538.61 seconds
[15,   500] loss: 0.385, time: 1543.50 seconds
[15,   600] loss: 0.461, time: 1548.77 seconds
[15,   700] loss: 0.532, time: 1554.09 seconds
[15,   800] loss: 0.611, time: 1558.95 seconds
[15,   900] loss: 0.681, time: 1564.11 seconds
[15,  1000] loss: 0.760, time: 1569.05 seconds
[15,  1100] loss: 0.832, time: 1574.00 seconds
[15,  1200] loss: 0.909, time: 1579.54 seconds
[15,  1300] loss: 0.982, time: 1585.12 seconds
Epoch time 73.91
{'train_loss': [2645.2594751417637, 2578.883042573929, 2566.0430678725243, 2556.7473080158234, 2549.5990999937057, 2541.518396139145, 2541.811149209738, 2539.064152300358, 2533.9507492780685, 2523.1670870929956, 2502.2972816750407, 2485.976722098887, 2430.4817274212837, 2303.1779483035207, 2100.5890592113137], 'accuracy': [0.3503230437903805, 0.3503230437903805, 0.3503230437903805, 0.3503230437903805, 0.3503230437903805, 0.3503230437903805, 0.3503230437903805, 0.3503230437903805, 0.3503230437903805, 0.3503230437903805, 0.3503230437903805, 0.3589375448671931, 0.37616654702081836, 0.45369705671213206, 0.4752333094041637], 'recall': [0.3503230437903805, 0.3503230437903805, 0.3503230437903805, 0.3503230437903805, 0.3503230437903805, 0.3503230437903805, 0.3503230437903805, 0.3503230437903805, 0.3503230437903805, 0.3503230437903805, 0.3503230437903805, 0.3589375448671931, 0.37616654702081836, 0.45369705671213206, 0.4752333094041637], 'precision': [0.12272623501055685, 0.12272623501055685, 0.12272623501055685, 0.12272623501055685, 0.12272623501055685, 0.12272623501055685, 0.12272623501055685, 0.12272623501055685, 0.12272623501055685, 0.12272623501055685, 0.12272623501055685, 0.15506850898235916, 0.22765094706055503, 0.3643628514267184, 0.42586576089626627], 'f1': [0.18177314765518943, 0.18177314765518943, 0.18177314765518943, 0.18177314765518943, 0.18177314765518943, 0.18177314765518943, 0.18177314765518943, 0.18177314765518943, 0.18177314765518943, 0.18177314765518943, 0.18177314765518943, 0.21287942623945946, 0.24303390141975328, 0.36014031684083253, 0.42440017023592963], 'r2': [-1.0751933343217646, -1.0751933343217646, -1.0751933343217646, -1.0751933343217646, -1.0751933343217646, -1.0751933343217646, -1.0751933343217646, -1.0751933343217646, -1.0751933343217646, -1.0751933343217646, -1.0751933343217646, -0.9666649982954281, -0.9219381689027561, -0.6621279099306177, -0.19759374436334465]}
[16,   100] loss: 0.070, time: 1612.34 seconds
[16,   200] loss: 0.136, time: 1617.66 seconds
[16,   300] loss: 0.208, time: 1623.24 seconds
[16,   400] loss: 0.275, time: 1628.41 seconds
[16,   500] loss: 0.342, time: 1634.20 seconds
[16,   600] loss: 0.406, time: 1640.00 seconds
[16,   700] loss: 0.476, time: 1645.23 seconds
[16,   800] loss: 0.543, time: 1650.95 seconds
[16,   900] loss: 0.610, time: 1656.65 seconds
[16,  1000] loss: 0.678, time: 1662.15 seconds
[16,  1100] loss: 0.745, time: 1668.01 seconds
[16,  1200] loss: 0.822, time: 1677.26 seconds
[16,  1300] loss: 0.885, time: 1686.77 seconds
Epoch time 88.44
{'train_loss': [2645.2594751417637, 2578.883042573929, 2566.0430678725243, 2556.7473080158234, 2549.5990999937057, 2541.518396139145, 2541.811149209738, 2539.064152300358, 2533.9507492780685, 2523.1670870929956, 2502.2972816750407, 2485.976722098887, 2430.4817274212837, 2303.1779483035207, 2100.5890592113137, 1885.9623403288424], 'accuracy': [0.3503230437903805, 0.3503230437903805, 0.3503230437903805, 0.3503230437903805, 0.3503230437903805, 0.3503230437903805, 0.3503230437903805, 0.3503230437903805, 0.3503230437903805, 0.3503230437903805, 0.3503230437903805, 0.3589375448671931, 0.37616654702081836, 0.45369705671213206, 0.4752333094041637, 0.48456568557071067], 'recall': [0.3503230437903805, 0.3503230437903805, 0.3503230437903805, 0.3503230437903805, 0.3503230437903805, 0.3503230437903805, 0.3503230437903805, 0.3503230437903805, 0.3503230437903805, 0.3503230437903805, 0.3503230437903805, 0.3589375448671931, 0.37616654702081836, 0.45369705671213206, 0.4752333094041637, 0.48456568557071067], 'precision': [0.12272623501055685, 0.12272623501055685, 0.12272623501055685, 0.12272623501055685, 0.12272623501055685, 0.12272623501055685, 0.12272623501055685, 0.12272623501055685, 0.12272623501055685, 0.12272623501055685, 0.12272623501055685, 0.15506850898235916, 0.22765094706055503, 0.3643628514267184, 0.42586576089626627, 0.49812424147649026], 'f1': [0.18177314765518943, 0.18177314765518943, 0.18177314765518943, 0.18177314765518943, 0.18177314765518943, 0.18177314765518943, 0.18177314765518943, 0.18177314765518943, 0.18177314765518943, 0.18177314765518943, 0.18177314765518943, 0.21287942623945946, 0.24303390141975328, 0.36014031684083253, 0.42440017023592963, 0.44593405866638985], 'r2': [-1.0751933343217646, -1.0751933343217646, -1.0751933343217646, -1.0751933343217646, -1.0751933343217646, -1.0751933343217646, -1.0751933343217646, -1.0751933343217646, -1.0751933343217646, -1.0751933343217646, -1.0751933343217646, -0.9666649982954281, -0.9219381689027561, -0.6621279099306177, -0.19759374436334465, -0.3442714348716658]}
[17,   100] loss: 0.073, time: 1738.71 seconds
[17,   200] loss: 0.132, time: 1748.13 seconds
[17,   300] loss: 0.190, time: 1758.18 seconds
[17,   400] loss: 0.249, time: 1767.88 seconds
[17,   500] loss: 0.310, time: 1778.17 seconds
[17,   600] loss: 0.367, time: 1792.29 seconds
[17,   700] loss: 0.431, time: 1803.01 seconds
[17,   800] loss: 0.496, time: 1814.24 seconds
[17,   900] loss: 0.558, time: 1825.36 seconds
[17,  1000] loss: 0.621, time: 1837.02 seconds
[17,  1100] loss: 0.683, time: 1848.46 seconds
[17,  1200] loss: 0.740, time: 1859.48 seconds
[17,  1300] loss: 0.793, time: 1869.75 seconds
Epoch time 149.23
{'train_loss': [2645.2594751417637, 2578.883042573929, 2566.0430678725243, 2556.7473080158234, 2549.5990999937057, 2541.518396139145, 2541.811149209738, 2539.064152300358, 2533.9507492780685, 2523.1670870929956, 2502.2972816750407, 2485.976722098887, 2430.4817274212837, 2303.1779483035207, 2100.5890592113137, 1885.9623403288424, 1702.750186740188], 'accuracy': [0.3503230437903805, 0.3503230437903805, 0.3503230437903805, 0.3503230437903805, 0.3503230437903805, 0.3503230437903805, 0.3503230437903805, 0.3503230437903805, 0.3503230437903805, 0.3503230437903805, 0.3503230437903805, 0.3589375448671931, 0.37616654702081836, 0.45369705671213206, 0.4752333094041637, 0.48456568557071067, 0.5218951902368988], 'recall': [0.3503230437903805, 0.3503230437903805, 0.3503230437903805, 0.3503230437903805, 0.3503230437903805, 0.3503230437903805, 0.3503230437903805, 0.3503230437903805, 0.3503230437903805, 0.3503230437903805, 0.3503230437903805, 0.3589375448671931, 0.37616654702081836, 0.45369705671213206, 0.4752333094041637, 0.48456568557071067, 0.5218951902368988], 'precision': [0.12272623501055685, 0.12272623501055685, 0.12272623501055685, 0.12272623501055685, 0.12272623501055685, 0.12272623501055685, 0.12272623501055685, 0.12272623501055685, 0.12272623501055685, 0.12272623501055685, 0.12272623501055685, 0.15506850898235916, 0.22765094706055503, 0.3643628514267184, 0.42586576089626627, 0.49812424147649026, 0.49406402347381045], 'f1': [0.18177314765518943, 0.18177314765518943, 0.18177314765518943, 0.18177314765518943, 0.18177314765518943, 0.18177314765518943, 0.18177314765518943, 0.18177314765518943, 0.18177314765518943, 0.18177314765518943, 0.18177314765518943, 0.21287942623945946, 0.24303390141975328, 0.36014031684083253, 0.42440017023592963, 0.44593405866638985, 0.42266435391036566], 'r2': [-1.0751933343217646, -1.0751933343217646, -1.0751933343217646, -1.0751933343217646, -1.0751933343217646, -1.0751933343217646, -1.0751933343217646, -1.0751933343217646, -1.0751933343217646, -1.0751933343217646, -1.0751933343217646, -0.9666649982954281, -0.9219381689027561, -0.6621279099306177, -0.19759374436334465, -0.3442714348716658, -0.47582093308540685]}
[18,   100] loss: 0.055, time: 1925.35 seconds
[18,   200] loss: 0.106, time: 1935.09 seconds
[18,   300] loss: 0.164, time: 1944.81 seconds
[18,   400] loss: 0.220, time: 1954.46 seconds
[18,   500] loss: 0.275, time: 1965.15 seconds
[18,   600] loss: 0.330, time: 1974.64 seconds
[18,   700] loss: 0.388, time: 1984.58 seconds
[18,   800] loss: 0.446, time: 1994.38 seconds
[18,   900] loss: 0.505, time: 2004.10 seconds
[18,  1000] loss: 0.559, time: 2014.11 seconds
[18,  1100] loss: 0.615, time: 2023.85 seconds
[18,  1200] loss: 0.667, time: 2033.50 seconds
[18,  1300] loss: 0.727, time: 2043.31 seconds
Epoch time 136.45
{'train_loss': [2645.2594751417637, 2578.883042573929, 2566.0430678725243, 2556.7473080158234, 2549.5990999937057, 2541.518396139145, 2541.811149209738, 2539.064152300358, 2533.9507492780685, 2523.1670870929956, 2502.2972816750407, 2485.976722098887, 2430.4817274212837, 2303.1779483035207, 2100.5890592113137, 1885.9623403288424, 1702.750186740188, 1553.1095878634515], 'accuracy': [0.3503230437903805, 0.3503230437903805, 0.3503230437903805, 0.3503230437903805, 0.3503230437903805, 0.3503230437903805, 0.3503230437903805, 0.3503230437903805, 0.3503230437903805, 0.3503230437903805, 0.3503230437903805, 0.3589375448671931, 0.37616654702081836, 0.45369705671213206, 0.4752333094041637, 0.48456568557071067, 0.5218951902368988, 0.6460875807609476], 'recall': [0.3503230437903805, 0.3503230437903805, 0.3503230437903805, 0.3503230437903805, 0.3503230437903805, 0.3503230437903805, 0.3503230437903805, 0.3503230437903805, 0.3503230437903805, 0.3503230437903805, 0.3503230437903805, 0.3589375448671931, 0.37616654702081836, 0.45369705671213206, 0.4752333094041637, 0.48456568557071067, 0.5218951902368988, 0.6460875807609476], 'precision': [0.12272623501055685, 0.12272623501055685, 0.12272623501055685, 0.12272623501055685, 0.12272623501055685, 0.12272623501055685, 0.12272623501055685, 0.12272623501055685, 0.12272623501055685, 0.12272623501055685, 0.12272623501055685, 0.15506850898235916, 0.22765094706055503, 0.3643628514267184, 0.42586576089626627, 0.49812424147649026, 0.49406402347381045, 0.6682838535305423], 'f1': [0.18177314765518943, 0.18177314765518943, 0.18177314765518943, 0.18177314765518943, 0.18177314765518943, 0.18177314765518943, 0.18177314765518943, 0.18177314765518943, 0.18177314765518943, 0.18177314765518943, 0.18177314765518943, 0.21287942623945946, 0.24303390141975328, 0.36014031684083253, 0.42440017023592963, 0.44593405866638985, 0.42266435391036566, 0.6258440834168121], 'r2': [-1.0751933343217646, -1.0751933343217646, -1.0751933343217646, -1.0751933343217646, -1.0751933343217646, -1.0751933343217646, -1.0751933343217646, -1.0751933343217646, -1.0751933343217646, -1.0751933343217646, -1.0751933343217646, -0.9666649982954281, -0.9219381689027561, -0.6621279099306177, -0.19759374436334465, -0.3442714348716658, -0.47582093308540685, 0.11532962451259177]}
[19,   100] loss: 0.040, time: 2095.63 seconds
[19,   200] loss: 0.093, time: 2105.23 seconds
[19,   300] loss: 0.147, time: 2114.94 seconds
[19,   400] loss: 0.196, time: 2124.39 seconds
[19,   500] loss: 0.248, time: 2133.68 seconds
[19,   600] loss: 0.304, time: 2143.18 seconds
[19,   700] loss: 0.356, time: 2152.65 seconds
[19,   800] loss: 0.406, time: 2162.25 seconds
[19,   900] loss: 0.453, time: 2171.86 seconds
[19,  1000] loss: 0.512, time: 2181.74 seconds
[19,  1100] loss: 0.570, time: 2191.31 seconds
[19,  1200] loss: 0.617, time: 2201.26 seconds
[19,  1300] loss: 0.666, time: 2210.79 seconds
Epoch time 133.55
{'train_loss': [2645.2594751417637, 2578.883042573929, 2566.0430678725243, 2556.7473080158234, 2549.5990999937057, 2541.518396139145, 2541.811149209738, 2539.064152300358, 2533.9507492780685, 2523.1670870929956, 2502.2972816750407, 2485.976722098887, 2430.4817274212837, 2303.1779483035207, 2100.5890592113137, 1885.9623403288424, 1702.750186740188, 1553.1095878634515, 1420.1151468675016], 'accuracy': [0.3503230437903805, 0.3503230437903805, 0.3503230437903805, 0.3503230437903805, 0.3503230437903805, 0.3503230437903805, 0.3503230437903805, 0.3503230437903805, 0.3503230437903805, 0.3503230437903805, 0.3503230437903805, 0.3589375448671931, 0.37616654702081836, 0.45369705671213206, 0.4752333094041637, 0.48456568557071067, 0.5218951902368988, 0.6460875807609476, 0.6669059583632448], 'recall': [0.3503230437903805, 0.3503230437903805, 0.3503230437903805, 0.3503230437903805, 0.3503230437903805, 0.3503230437903805, 0.3503230437903805, 0.3503230437903805, 0.3503230437903805, 0.3503230437903805, 0.3503230437903805, 0.3589375448671931, 0.37616654702081836, 0.45369705671213206, 0.4752333094041637, 0.48456568557071067, 0.5218951902368988, 0.6460875807609476, 0.6669059583632448], 'precision': [0.12272623501055685, 0.12272623501055685, 0.12272623501055685, 0.12272623501055685, 0.12272623501055685, 0.12272623501055685, 0.12272623501055685, 0.12272623501055685, 0.12272623501055685, 0.12272623501055685, 0.12272623501055685, 0.15506850898235916, 0.22765094706055503, 0.3643628514267184, 0.42586576089626627, 0.49812424147649026, 0.49406402347381045, 0.6682838535305423, 0.6905713558353931], 'f1': [0.18177314765518943, 0.18177314765518943, 0.18177314765518943, 0.18177314765518943, 0.18177314765518943, 0.18177314765518943, 0.18177314765518943, 0.18177314765518943, 0.18177314765518943, 0.18177314765518943, 0.18177314765518943, 0.21287942623945946, 0.24303390141975328, 0.36014031684083253, 0.42440017023592963, 0.44593405866638985, 0.42266435391036566, 0.6258440834168121, 0.661090193187523], 'r2': [-1.0751933343217646, -1.0751933343217646, -1.0751933343217646, -1.0751933343217646, -1.0751933343217646, -1.0751933343217646, -1.0751933343217646, -1.0751933343217646, -1.0751933343217646, -1.0751933343217646, -1.0751933343217646, -0.9666649982954281, -0.9219381689027561, -0.6621279099306177, -0.19759374436334465, -0.3442714348716658, -0.47582093308540685, 0.11532962451259177, 0.1044767909099581]}
[20,   100] loss: 0.046, time: 2263.18 seconds
[20,   200] loss: 0.090, time: 2273.15 seconds
[20,   300] loss: 0.133, time: 2283.01 seconds
[20,   400] loss: 0.178, time: 2292.77 seconds
[20,   500] loss: 0.225, time: 2302.32 seconds
[20,   600] loss: 0.273, time: 2311.91 seconds
[20,   700] loss: 0.322, time: 2321.70 seconds
[20,   800] loss: 0.371, time: 2331.56 seconds
[20,   900] loss: 0.412, time: 2341.42 seconds
[20,  1000] loss: 0.459, time: 2351.12 seconds
[20,  1100] loss: 0.504, time: 2360.68 seconds
[20,  1200] loss: 0.551, time: 2370.75 seconds
[20,  1300] loss: 0.596, time: 2380.87 seconds
Epoch time 136.83
{'train_loss': [2645.2594751417637, 2578.883042573929, 2566.0430678725243, 2556.7473080158234, 2549.5990999937057, 2541.518396139145, 2541.811149209738, 2539.064152300358, 2533.9507492780685, 2523.1670870929956, 2502.2972816750407, 2485.976722098887, 2430.4817274212837, 2303.1779483035207, 2100.5890592113137, 1885.9623403288424, 1702.750186740188, 1553.1095878634515, 1420.1151468675016, 1276.4753361942314], 'accuracy': [0.3503230437903805, 0.3503230437903805, 0.3503230437903805, 0.3503230437903805, 0.3503230437903805, 0.3503230437903805, 0.3503230437903805, 0.3503230437903805, 0.3503230437903805, 0.3503230437903805, 0.3503230437903805, 0.3589375448671931, 0.37616654702081836, 0.45369705671213206, 0.4752333094041637, 0.48456568557071067, 0.5218951902368988, 0.6460875807609476, 0.6669059583632448, 0.6525484565685571], 'recall': [0.3503230437903805, 0.3503230437903805, 0.3503230437903805, 0.3503230437903805, 0.3503230437903805, 0.3503230437903805, 0.3503230437903805, 0.3503230437903805, 0.3503230437903805, 0.3503230437903805, 0.3503230437903805, 0.3589375448671931, 0.37616654702081836, 0.45369705671213206, 0.4752333094041637, 0.48456568557071067, 0.5218951902368988, 0.6460875807609476, 0.6669059583632448, 0.6525484565685571], 'precision': [0.12272623501055685, 0.12272623501055685, 0.12272623501055685, 0.12272623501055685, 0.12272623501055685, 0.12272623501055685, 0.12272623501055685, 0.12272623501055685, 0.12272623501055685, 0.12272623501055685, 0.12272623501055685, 0.15506850898235916, 0.22765094706055503, 0.3643628514267184, 0.42586576089626627, 0.49812424147649026, 0.49406402347381045, 0.6682838535305423, 0.6905713558353931, 0.7044992236097294], 'f1': [0.18177314765518943, 0.18177314765518943, 0.18177314765518943, 0.18177314765518943, 0.18177314765518943, 0.18177314765518943, 0.18177314765518943, 0.18177314765518943, 0.18177314765518943, 0.18177314765518943, 0.18177314765518943, 0.21287942623945946, 0.24303390141975328, 0.36014031684083253, 0.42440017023592963, 0.44593405866638985, 0.42266435391036566, 0.6258440834168121, 0.661090193187523, 0.6486374184086597], 'r2': [-1.0751933343217646, -1.0751933343217646, -1.0751933343217646, -1.0751933343217646, -1.0751933343217646, -1.0751933343217646, -1.0751933343217646, -1.0751933343217646, -1.0751933343217646, -1.0751933343217646, -1.0751933343217646, -0.9666649982954281, -0.9219381689027561, -0.6621279099306177, -0.19759374436334465, -0.3442714348716658, -0.47582093308540685, 0.11532962451259177, 0.1044767909099581, 0.274175643605684]}
Total training time: 2426.53 s
Finished Training
